{
  "k1": 0.0,
  "k2": 0.0,
  "k3": 0.0,
  "k4": 0.0,
  "p1": 0.0,
  "p2": 0.0,
  "is_fisheye": false,
  "frames": [
    {
      "index": 0,
      "file_path": "lset000/data/00_image.png",
      "light_index": 0,
      "camera_index": 0,
      "transform_matrix": [
        [
          0.9990758299827576,
          0.018248898908495903,
          -0.03891687095165253,
          0.030625877901911736
        ],
        [
          -0.040819499641656876,
          0.6864507794380188,
          -0.7260296940803528,
          -0.723338782787323
        ],
        [
          0.0134652741253376,
          0.7269472479820251,
          0.6865612864494324,
          0.6447518467903137
        ],
        [
          0.0,
          -0.0,
          -0.0,
          1.0
        ]
      ],
      "transform_matrix_light": [
        [
          -0.763979971408844,
          -0.631863534450531,
          -0.13070213794708252,
          -0.062588170170784
        ],
        [
          0.6251468658447266,
          -0.7750014662742615,
          0.09254223853349686,
          -0.0032674199901521206
        ],
        [
          -0.15976841747760773,
          -0.01100761629641056,
          0.9870931506156921,
          0.6366824507713318
        ],
        [
          0.0,
          -0.0,
          -0.0,
          1.0
        ]
      ]
    },
    {
      "index": 1,
      "file_path": "lset001/data/00_image.png",
      "light_index": 1,
      "camera_index": 0,
      "transform_matrix": [
        [
          0.9990758299827576,
          0.018248898908495903,
          -0.03891687095165253,
          0.030625877901911736
        ],
        [
          -0.040819499641656876,
          0.6864507794380188,
          -0.7260296940803528,
          -0.723338782787323
        ],
        [
          0.0134652741253376,
          0.7269472479820251,
          0.6865612864494324,
          0.6447518467903137
        ],
        [
          0.0,
          -0.0,
          -0.0,
          1.0
        ]
      ],
      "transform_matrix_light": [
        [
          0.027436058968305588,
          -0.9775469899177551,
          -0.20892390608787537,
          -0.10597590357065201
        ],
        [
          0.9655121564865112,
          -0.02821832336485386,
          0.25882428884506226,
          0.09566580504179001
        ],
        [
          -0.25890839099884033,
          -0.2088196873664856,
          0.9430592656135559,
          0.6103435158729553
        ],
        [
          0.0,
          -0.0,
          -0.0,
          1.0
        ]
      ]
    },
    {
      "index": 2,
      "file_path": "lset002/data/00_image.png",
      "light_index": 2,
      "camera_index": 0,
      "transform_matrix": [
        [
          0.9990758299827576,
          0.018248898908495903,
          -0.03891687095165253,
          0.030625877901911736
        ],
        [
          -0.040819499641656876,
          0.6864507794380188,
          -0.7260296940803528,
          -0.723338782787323
        ],
        [
          0.0134652741253376,
          0.7269472479820251,
          0.6865612864494324,
          0.6447518467903137
        ],
        [
          0.0,
          -0.0,
          -0.0,
          1.0
        ]
      ],
      "transform_matrix_light": [
        [
          0.7981082201004028,
          -0.5896886587142944,
          -0.12365499138832092,
          -0.05282396450638771
        ],
        [
          0.5802890658378601,
          0.69707852602005,
          0.42112481594085693,
          0.1902553141117096
        ],
        [
          -0.1621352732181549,
          -0.40785881876945496,
          0.8985339999198914,
          0.5849839448928833
        ],
        [
          0.0,
          -0.0,
          -0.0,
          1.0
        ]
      ]
    },
    {
      "index": 3,
      "file_path": "lset003/data/00_image.png",
      "light_index": 3,
      "camera_index": 0,
      "transform_matrix": [
        [
          0.9990758299827576,
          0.018248898908495903,
          -0.03891687095165253,
          0.030625877901911736
        ],
        [
          -0.040819499641656876,
          0.6864507794380188,
          -0.7260296940803528,
          -0.723338782787323
        ],
        [
          0.0134652741253376,
          0.7269472479820251,
          0.6865612864494324,
          0.6447518467903137
        ],
        [
          0.0,
          -0.0,
          -0.0,
          1.0
        ]
      ],
      "transform_matrix_light": [
        [
          0.9686519503593445,
          0.2407565861940384,
          0.061234552413225174,
          0.05674130469560623
        ],
        [
          -0.24161534011363983,
          0.8557373285293579,
          0.4575321674346924,
          0.20926594734191895
        ],
        [
          0.05775319039821625,
          -0.4579846262931824,
          0.8870820999145508,
          0.579764187335968
        ],
        [
          0.0,
          -0.0,
          -0.0,
          1.0
        ]
      ]
    },
    {
      "index": 4,
      "file_path": "lset004/data/00_image.png",
      "light_index": 4,
      "camera_index": 0,
      "transform_matrix": [
        [
          0.9990758299827576,
          0.018248898908495903,
          -0.03891687095165253,
          0.030625877901911736
        ],
        [
          -0.040819499641656876,
          0.6864507794380188,
          -0.7260296940803528,
          -0.723338782787323
        ],
        [
          0.0134652741253376,
          0.7269472479820251,
          0.6865612864494324,
          0.6447518467903137
        ],
        [
          0.0,
          -0.0,
          -0.0,
          1.0
        ]
      ],
      "transform_matrix_light": [
        [
          0.4092470705509186,
          0.8887355327606201,
          0.20655742287635803,
          0.1401747465133667
        ],
        [
          -0.8816516995429993,
          0.32688167691230774,
          0.34035080671310425,
          0.1383437067270279
        ],
        [
          0.23496201634407043,
          -0.3213992714881897,
          0.9173305630683899,
          0.5986547470092773
        ],
        [
          0.0,
          -0.0,
          -0.0,
          1.0
        ]
      ]
    },
    {
      "index": 5,
      "file_path": "lset005/data/00_image.png",
      "light_index": 5,
      "camera_index": 0,
      "transform_matrix": [
        [
          0.9990758299827576,
          0.018248898908495903,
          -0.03891687095165253,
          0.030625877901911736
        ],
        [
          -0.040819499641656876,
          0.6864507794380188,
          -0.7260296940803528,
          -0.723338782787323
        ],
        [
          0.0134652741253376,
          0.7269472479820251,
          0.6865612864494324,
          0.6447518467903137
        ],
        [
          0.0,
          -0.0,
          -0.0,
          1.0
        ]
      ],
      "transform_matrix_light": [
        [
          -0.45877382159233093,
          0.8651299476623535,
          0.20267410576343536,
          0.13483023643493652
        ],
        [
          -0.8566726446151733,
          -0.4912043809890747,
          0.15757620334625244,
          0.03093894198536873
        ],
        [
          0.23587828874588013,
          -0.10133352130651474,
          0.9664848446846008,
          0.6272238492965698
        ],
        [
          0.0,
          -0.0,
          -0.0,
          1.0
        ]
      ]
    },
    {
      "index": 6,
      "file_path": "lset006/data/00_image.png",
      "light_index": 6,
      "camera_index": 0,
      "transform_matrix": [
        [
          0.9990758299827576,
          0.018248898908495903,
          -0.03891687095165253,
          0.030625877901911736
        ],
        [
          -0.040819499641656876,
          0.6864507794380188,
          -0.7260296940803528,
          -0.723338782787323
        ],
        [
          0.0134652741253376,
          0.7269472479820251,
          0.6865612864494324,
          0.6447518467903137
        ],
        [
          0.0,
          -0.0,
          -0.0,
          1.0
        ]
      ],
      "transform_matrix_light": [
        [
          -0.9808032512664795,
          0.18783292174339294,
          0.05238117650151253,
          0.04458974301815033
        ],
        [
          -0.18543004989624023,
          -0.9815078377723694,
          0.04751870036125183,
          -0.032023075968027115
        ],
        [
          0.06033811345696449,
          0.03689344972372055,
          0.9974959492683411,
          0.6442606449127197
        ],
        [
          0.0,
          -0.0,
          -0.0,
          1.0
        ]
      ]
    },
    {
      "index": 7,
      "file_path": "lset007/data/00_image.png",
      "light_index": 7,
      "camera_index": 0,
      "transform_matrix": [
        [
          0.9990758299827576,
          0.018248898908495903,
          -0.03891687095165253,
          0.030625877901911736
        ],
        [
          -0.040819499641656876,
          0.6864507794380188,
          -0.7260296940803528,
          -0.723338782787323
        ],
        [
          0.0134652741253376,
          0.7269472479820251,
          0.6865612864494324,
          0.6447518467903137
        ],
        [
          0.0,
          -0.0,
          -0.0,
          1.0
        ]
      ],
      "transform_matrix_light": [
        [
          -0.9134885668754578,
          -0.37500399351119995,
          -0.15783123672008514,
          -0.07901230454444885
        ],
        [
          0.3956456482410431,
          -0.9092071056365967,
          -0.12964142858982086,
          -0.13414514064788818
        ],
        [
          -0.09488523006439209,
          -0.18087120354175568,
          0.9789189696311951,
          0.631468653678894
        ],
        [
          0.0,
          -0.0,
          -0.0,
          1.0
        ]
      ]
    },
    {
      "index": 8,
      "file_path": "lset008/data/00_image.png",
      "light_index": 8,
      "camera_index": 0,
      "transform_matrix": [
        [
          0.9990758299827576,
          0.018248898908495903,
          -0.03891687095165253,
          0.030625877901911736
        ],
        [
          -0.040819499641656876,
          0.6864507794380188,
          -0.7260296940803528,
          -0.723338782787323
        ],
        [
          0.0134652741253376,
          0.7269472479820251,
          0.6865612864494324,
          0.6447518467903137
        ],
        [
          0.0,
          -0.0,
          -0.0,
          1.0
        ]
      ],
      "transform_matrix_light": [
        [
          -0.6202619671821594,
          -0.7183555960655212,
          -0.31502434611320496,
          -0.17046304047107697
        ],
        [
          0.7595527768135071,
          -0.6503243446350098,
          -0.012562627904117107,
          -0.06437535583972931
        ],
        [
          -0.19584356248378754,
          -0.24706973135471344,
          0.9490004181861877,
          0.6130902171134949
        ],
        [
          0.0,
          -0.0,
          -0.0,
          1.0
        ]
      ]
    },
    {
      "index": 9,
      "file_path": "lset009/data/00_image.png",
      "light_index": 9,
      "camera_index": 0,
      "transform_matrix": [
        [
          0.9990758299827576,
          0.018248898908495903,
          -0.03891687095165253,
          0.030625877901911736
        ],
        [
          -0.040819499641656876,
          0.6864507794380188,
          -0.7260296940803528,
          -0.723338782787323
        ],
        [
          0.0134652741253376,
          0.7269472479820251,
          0.6865612864494324,
          0.6447518467903137
        ],
        [
          0.0,
          -0.0,
          -0.0,
          1.0
        ]
      ],
      "transform_matrix_light": [
        [
          -0.18544672429561615,
          -0.8983573317527771,
          -0.3982004225254059,
          -0.21777677536010742
        ],
        [
          0.9499632716178894,
          -0.26755234599113464,
          0.1612003892660141,
          0.03841310366988182
        ],
        [
          -0.25135502219200134,
          -0.3483816683292389,
          0.9030231833457947,
          0.5855909585952759
        ],
        [
          0.0,
          -0.0,
          -0.0,
          1.0
        ]
      ]
    },
    {
      "index": 10,
      "file_path": "lset010/data/00_image.png",
      "light_index": 10,
      "camera_index": 0,
      "transform_matrix": [
        [
          0.9990758299827576,
          0.018248898908495903,
          -0.03891687095165253,
          0.030625877901911736
        ],
        [
          -0.040819499641656876,
          0.6864507794380188,
          -0.7260296940803528,
          -0.723338782787323
        ],
        [
          0.0134652741253376,
          0.7269472479820251,
          0.6865612864494324,
          0.6447518467903137
        ],
        [
          0.0,
          -0.0,
          -0.0,
          1.0
        ]
      ],
      "transform_matrix_light": [
        [
          0.29153695702552795,
          -0.8740137815475464,
          -0.3887237310409546,
          -0.20995549857616425
        ],
        [
          0.9236193895339966,
          0.15148048102855682,
          0.3521091341972351,
          0.1507064402103424
        ],
        [
          -0.24886417388916016,
          -0.4616855978965759,
          0.8514182567596436,
          0.5555680990219116
        ],
        [
          0.0,
          -0.0,
          -0.0,
          1.0
        ]
      ]
    },
    {
      "index": 11,
      "file_path": "lset011/data/00_image.png",
      "light_index": 11,
      "camera_index": 0,
      "transform_matrix": [
        [
          0.9990758299827576,
          0.018248898908495903,
          -0.03891687095165253,
          0.030625877901911736
        ],
        [
          -0.040819499641656876,
          0.6864507794380188,
          -0.7260296940803528,
          -0.723338782787323
        ],
        [
          0.0134652741253376,
          0.7269472479820251,
          0.6865612864494324,
          0.6447518467903137
        ],
        [
          0.0,
          -0.0,
          -0.0,
          1.0
        ]
      ],
      "transform_matrix_light": [
        [
          0.7020289301872253,
          -0.651062548160553,
          -0.2885705828666687,
          -0.14889106154441833
        ],
        [
          0.6866528391838074,
          0.5113798379898071,
          0.5167190432548523,
          0.24682360887527466
        ],
        [
          -0.18884724378585815,
          -0.5608994960784912,
          0.8060573935508728,
          0.5298311710357666
        ],
        [
          0.0,
          -0.0,
          -0.0,
          1.0
        ]
      ]
    },
    {
      "index": 12,
      "file_path": "lset012/data/00_image.png",
      "light_index": 12,
      "camera_index": 0,
      "transform_matrix": [
        [
          0.9990758299827576,
          0.018248898908495903,
          -0.03891687095165253,
          0.030625877901911736
        ],
        [
          -0.040819499641656876,
          0.6864507794380188,
          -0.7260296940803528,
          -0.723338782787323
        ],
        [
          0.0134652741253376,
          0.7269472479820251,
          0.6865612864494324,
          0.6447518467903137
        ],
        [
          0.0,
          -0.0,
          -0.0,
          1.0
        ]
      ],
      "transform_matrix_light": [
        [
          0.9524047374725342,
          -0.27999576926231384,
          -0.12053021788597107,
          -0.04871959239244461
        ],
        [
          0.29277104139328003,
          0.7300328016281128,
          0.617525041103363,
          0.30479586124420166
        ],
        [
          -0.08491339534521103,
          -0.6234215497970581,
          0.7772613763809204,
          0.5142922401428223
        ],
        [
          0.0,
          -0.0,
          -0.0,
          1.0
        ]
      ]
    },
    {
      "index": 13,
      "file_path": "lset013/data/00_image.png",
      "light_index": 13,
      "camera_index": 0,
      "transform_matrix": [
        [
          0.9990758299827576,
          0.018248898908495903,
          -0.03891687095165253,
          0.030625877901911736
        ],
        [
          -0.040819499641656876,
          0.6864507794380188,
          -0.7260296940803528,
          -0.723338782787323
        ],
        [
          0.0134652741253376,
          0.7269472479820251,
          0.6865612864494324,
          0.6447518467903137
        ],
        [
          0.0,
          -0.0,
          -0.0,
          1.0
        ]
      ],
      "transform_matrix_light": [
        [
          0.9849163889884949,
          0.15482304990291595,
          0.07726289331912994,
          0.06759727001190186
        ],
        [
          -0.16854076087474823,
          0.7573398351669312,
          0.6308965086936951,
          0.311170756816864
        ],
        [
          0.03916305676102638,
          -0.6344022154808044,
          0.7720103859901428,
          0.5123282670974731
        ],
        [
          0.0,
          -0.0,
          -0.0,
          1.0
        ]
      ]
    },
    {
      "index": 14,
      "file_path": "lset014/data/00_image.png",
      "light_index": 14,
      "camera_index": 0,
      "transform_matrix": [
        [
          0.9990758299827576,
          0.018248898908495903,
          -0.03891687095165253,
          0.030625877901911736
        ],
        [
          -0.040819499641656876,
          0.6864507794380188,
          -0.7260296940803528,
          -0.723338782787323
        ],
        [
          0.0134652741253376,
          0.7269472479820251,
          0.6865612864494324,
          0.6447518467903137
        ],
        [
          0.0,
          -0.0,
          -0.0,
          1.0
        ]
      ],
      "transform_matrix_light": [
        [
          0.7913840413093567,
          0.5536066293716431,
          0.25928932428359985,
          0.17344774305820465
        ],
        [
          -0.5914064645767212,
          0.5859538316726685,
          0.5539823770523071,
          0.26444247364997864
        ],
        [
          0.15475672483444214,
          -0.5917581915855408,
          0.7911210656166077,
          0.5248029232025146
        ],
        [
          0.0,
          -0.0,
          -0.0,
          1.0
        ]
      ]
    },
    {
      "index": 15,
      "file_path": "lset015/data/00_image.png",
      "light_index": 15,
      "camera_index": 0,
      "transform_matrix": [
        [
          0.9990758299827576,
          0.018248898908495903,
          -0.03891687095165253,
          0.030625877901911736
        ],
        [
          -0.040819499641656876,
          0.6864507794380188,
          -0.7260296940803528,
          -0.723338782787323
        ],
        [
          0.0134652741253376,
          0.7269472479820251,
          0.6865612864494324,
          0.6447518467903137
        ],
        [
          0.0,
          -0.0,
          -0.0,
          1.0
        ]
      ],
      "transform_matrix_light": [
        [
          0.4161001741886139,
          0.8243842720985413,
          0.38373324275016785,
          0.24462580680847168
        ],
        [
          -0.8783644437789917,
          0.2552230954170227,
          0.4041498005390167,
          0.17542915046215057
        ],
        [
          0.23523715138435364,
          -0.5052244663238525,
          0.830308198928833,
          0.5484922528266907
        ],
        [
          0.0,
          -0.0,
          -0.0,
          1.0
        ]
      ]
    },
    {
      "index": 16,
      "file_path": "lset016/data/00_image.png",
      "light_index": 16,
      "camera_index": 0,
      "transform_matrix": [
        [
          0.9990758299827576,
          0.018248898908495903,
          -0.03891687095165253,
          0.030625877901911736
        ],
        [
          -0.040819499641656876,
          0.6864507794380188,
          -0.7260296940803528,
          -0.723338782787323
        ],
        [
          0.0134652741253376,
          0.7269472479820251,
          0.6865612864494324,
          0.6447518467903137
        ],
        [
          0.0,
          -0.0,
          -0.0,
          1.0
        ]
      ],
      "transform_matrix_light": [
        [
          -0.054776743054389954,
          0.9050039649009705,
          0.42186179757118225,
          0.26500189304351807
        ],
        [
          -0.9634537100791931,
          -0.1588563621044159,
          0.2156885713338852,
          0.06465598940849304
        ],
        [
          0.26221445202827454,
          -0.3946295976638794,
          0.8806310892105103,
          0.5780394673347473
        ],
        [
          0.0,
          -0.0,
          -0.0,
          1.0
        ]
      ]
    },
    {
      "index": 17,
      "file_path": "lset017/data/00_image.png",
      "light_index": 17,
      "camera_index": 0,
      "transform_matrix": [
        [
          0.9990758299827576,
          0.018248898908495903,
          -0.03891687095165253,
          0.030625877901911736
        ],
        [
          -0.040819499641656876,
          0.6864507794380188,
          -0.7260296940803528,
          -0.723338782787323
        ],
        [
          0.0134652741253376,
          0.7269472479820251,
          0.6865612864494324,
          0.6447518467903137
        ],
        [
          0.0,
          -0.0,
          -0.0,
          1.0
        ]
      ],
      "transform_matrix_light": [
        [
          -0.5131751894950867,
          0.7768278121948242,
          0.3649517297744751,
          0.22977077960968018
        ],
        [
          -0.8269402384757996,
          -0.5613714456558228,
          0.03212396427989006,
          -0.04261185601353645
        ],
        [
          0.22982826828956604,
          -0.2853080630302429,
          0.9304720759391785,
          0.6067677140235901
        ],
        [
          0.0,
          -0.0,
          -0.0,
          1.0
        ]
      ]
    },
    {
      "index": 18,
      "file_path": "lset018/data/00_image.png",
      "light_index": 18,
      "camera_index": 0,
      "transform_matrix": [
        [
          0.9990758299827576,
          0.018248898908495903,
          -0.03891687095165253,
          0.030625877901911736
        ],
        [
          -0.040819499641656876,
          0.6864507794380188,
          -0.7260296940803528,
          -0.723338782787323
        ],
        [
          0.0134652741253376,
          0.7269472479820251,
          0.6865612864494324,
          0.6447518467903137
        ],
        [
          0.0,
          -0.0,
          -0.0,
          1.0
        ]
      ],
      "transform_matrix_light": [
        [
          -0.8535690903663635,
          0.4693981409072876,
          0.22602024674415588,
          0.14700853824615479
        ],
        [
          -0.5003279447555542,
          -0.859510600566864,
          -0.10446754097938538,
          -0.1217578873038292
        ],
        [
          0.14522993564605713,
          -0.202254518866539,
          0.9685047268867493,
          0.6280580759048462
        ],
        [
          0.0,
          -0.0,
          -0.0,
          1.0
        ]
      ]
    },
    {
      "index": 19,
      "file_path": "lset019/data/00_image.png",
      "light_index": 19,
      "camera_index": 0,
      "transform_matrix": [
        [
          0.9990758299827576,
          0.018248898908495903,
          -0.03891687095165253,
          0.030625877901911736
        ],
        [
          -0.040819499641656876,
          0.6864507794380188,
          -0.7260296940803528,
          -0.723338782787323
        ],
        [
          0.0134652741253376,
          0.7269472479820251,
          0.6865612864494324,
          0.6447518467903137
        ],
        [
          0.0,
          -0.0,
          -0.0,
          1.0
        ]
      ],
      "transform_matrix_light": [
        [
          -0.9978611469268799,
          0.05364576354622841,
          0.03735356405377388,
          0.035611655563116074
        ],
        [
          -0.059041205793619156,
          -0.9848995208740234,
          -0.16274850070476532,
          -0.15485669672489166
        ],
        [
          0.028058737516403198,
          -0.16460579633712769,
          0.9859602451324463,
          0.6369227766990662
        ],
        [
          0.0,
          -0.0,
          -0.0,
          1.0
        ]
      ]
    },
    {
      "index": 20,
      "file_path": "lset020/data/00_image.png",
      "light_index": 20,
      "camera_index": 0,
      "transform_matrix": [
        [
          0.9990758299827576,
          0.018248898908495903,
          -0.03891687095165253,
          0.030625877901911736
        ],
        [
          -0.040819499641656876,
          0.6864507794380188,
          -0.7260296940803528,
          -0.723338782787323
        ],
        [
          0.0134652741253376,
          0.7269472479820251,
          0.6865612864494324,
          0.6447518467903137
        ],
        [
          0.0,
          -0.0,
          -0.0,
          1.0
        ]
      ],
      "transform_matrix_light": [
        [
          -0.9906103610992432,
          -0.11747939139604568,
          -0.06992638856172562,
          -0.02661368064582348
        ],
        [
          0.13484814763069153,
          -0.9238495230674744,
          -0.3582151234149933,
          -0.26864591240882874
        ],
        [
          -0.022518564015626907,
          -0.3642810583114624,
          0.931016743183136,
          0.6036376357078552
        ],
        [
          0.0,
          -0.0,
          -0.0,
          1.0
        ]
      ]
    },
    {
      "index": 21,
      "file_path": "lset021/data/00_image.png",
      "light_index": 21,
      "camera_index": 0,
      "transform_matrix": [
        [
          0.9990758299827576,
          0.018248898908495903,
          -0.03891687095165253,
          0.030625877901911736
        ],
        [
          -0.040819499641656876,
          0.6864507794380188,
          -0.7260296940803528,
          -0.723338782787323
        ],
        [
          0.0134652741253376,
          0.7269472479820251,
          0.6865612864494324,
          0.6447518467903137
        ],
        [
          0.0,
          -0.0,
          -0.0,
          1.0
        ]
      ],
      "transform_matrix_light": [
        [
          -0.8930062651634216,
          -0.3700126111507416,
          -0.256184458732605,
          -0.13607129454612732
        ],
        [
          0.43765100836753845,
          -0.8466522097587585,
          -0.3027237057685852,
          -0.23545850813388824
        ],
        [
          -0.10488755255937576,
          -0.3824535310268402,
          0.9180021286010742,
          0.5949234366416931
        ],
        [
          0.0,
          -0.0,
          -0.0,
          1.0
        ]
      ]
    },
    {
      "index": 22,
      "file_path": "lset022/data/00_image.png",
      "light_index": 22,
      "camera_index": 0,
      "transform_matrix": [
        [
          0.9990758299827576,
          0.018248898908495903,
          -0.03891687095165253,
          0.030625877901911736
        ],
        [
          -0.040819499641656876,
          0.6864507794380188,
          -0.7260296940803528,
          -0.723338782787323
        ],
        [
          0.0134652741253376,
          0.7269472479820251,
          0.6865612864494324,
          0.6447518467903137
        ],
        [
          0.0,
          -0.0,
          -0.0,
          1.0
        ]
      ],
      "transform_matrix_light": [
        [
          -0.6989181637763977,
          -0.5832811594009399,
          -0.41387972235679626,
          -0.2285652905702591
        ],
        [
          0.6933245658874512,
          -0.6946002244949341,
          -0.19191548228263855,
          -0.16979923844337463
        ],
        [
          -0.1755402535200119,
          -0.4210861921310425,
          0.8898718953132629,
          0.5774568319320679
        ],
        [
          0.0,
          -0.0,
          -0.0,
          1.0
        ]
      ]
    },
    {
      "index": 23,
      "file_path": "lset023/data/00_image.png",
      "light_index": 23,
      "camera_index": 0,
      "transform_matrix": [
        [
          0.9990758299827576,
          0.018248898908495903,
          -0.03891687095165253,
          0.030625877901911736
        ],
        [
          -0.040819499641656876,
          0.6864507794380188,
          -0.7260296940803528,
          -0.723338782787323
        ],
        [
          0.0134652741253376,
          0.7269472479820251,
          0.6865612864494324,
          0.6447518467903137
        ],
        [
          0.0,
          -0.0,
          -0.0,
          1.0
        ]
      ],
      "transform_matrix_light": [
        [
          -0.4296089708805084,
          -0.7339430451393127,
          -0.5260834097862244,
          -0.29356837272644043
        ],
        [
          0.8740288615226746,
          -0.48438775539398193,
          -0.03797423839569092,
          -0.07868438214063644
        ],
        [
          -0.22695744037628174,
          -0.47612616419792175,
          0.8495847582817078,
          0.5532171130180359
        ],
        [
          0.0,
          -0.0,
          -0.0,
          1.0
        ]
      ]
    },
    {
      "index": 24,
      "file_path": "lset024/data/00_image.png",
      "light_index": 24,
      "camera_index": 0,
      "transform_matrix": [
        [
          0.9990758299827576,
          0.018248898908495903,
          -0.03891687095165253,
          0.030625877901911736
        ],
        [
          -0.040819499641656876,
          0.6864507794380188,
          -0.7260296940803528,
          -0.723338782787323
        ],
        [
          0.0134652741253376,
          0.7269472479820251,
          0.6865612864494324,
          0.6447518467903137
        ],
        [
          0.0,
          -0.0,
          -0.0,
          1.0
        ]
      ],
      "transform_matrix_light": [
        [
          -0.11394093930721283,
          -0.8060912489891052,
          -0.5807188153266907,
          -0.3243328928947449
        ],
        [
          0.9606000185012817,
          -0.23854032158851624,
          0.14263977110385895,
          0.02786427177488804
        ],
        [
          -0.25350552797317505,
          -0.5415860414505005,
          0.801510751247406,
          0.5247160196304321
        ],
        [
          0.0,
          -0.0,
          -0.0,
          1.0
        ]
      ]
    },
    {
      "index": 25,
      "file_path": "lset025/data/00_image.png",
      "light_index": 25,
      "camera_index": 0,
      "transform_matrix": [
        [
          0.9990758299827576,
          0.018248898908495903,
          -0.03891687095165253,
          0.030625877901911736
        ],
        [
          -0.040819499641656876,
          0.6864507794380188,
          -0.7260296940803528,
          -0.723338782787323
        ],
        [
          0.0134652741253376,
          0.7269472479820251,
          0.6865612864494324,
          0.6447518467903137
        ],
        [
          0.0,
          -0.0,
          -0.0,
          1.0
        ]
      ],
      "transform_matrix_light": [
        [
          0.2140791118144989,
          -0.7917753458023071,
          -0.5720681548118591,
          -0.31741729378700256
        ],
        [
          0.9436062574386597,
          0.016215762123465538,
          0.33067241311073303,
          0.13826227188110352
        ],
        [
          -0.252541720867157,
          -0.6105971336364746,
          0.7505956292152405,
          0.49533891677856445
        ],
        [
          0.0,
          -0.0,
          -0.0,
          1.0
        ]
      ]
    },
    {
      "index": 26,
      "file_path": "lset026/data/00_image.png",
      "light_index": 26,
      "camera_index": 0,
      "transform_matrix": [
        [
          0.9990758299827576,
          0.018248898908495903,
          -0.03891687095165253,
          0.030625877901911736
        ],
        [
          -0.040819499641656876,
          0.6864507794380188,
          -0.7260296940803528,
          -0.723338782787323
        ],
        [
          0.0134652741253376,
          0.7269472479820251,
          0.6865612864494324,
          0.6447518467903137
        ],
        [
          0.0,
          -0.0,
          -0.0,
          1.0
        ]
      ],
      "transform_matrix_light": [
        [
          0.5188154578208923,
          -0.6927035450935364,
          -0.5009913444519043,
          -0.27356135845184326
        ],
        [
          0.8251156806945801,
          0.2524429261684418,
          0.5054272413253784,
          0.24065954983234406
        ],
        [
          -0.22363950312137604,
          -0.6755992770195007,
          0.7025318145751953,
          0.46796971559524536
        ],
        [
          0.0,
          -0.0,
          -0.0,
          1.0
        ]
      ]
    },
    {
      "index": 27,
      "file_path": "lset027/data/00_image.png",
      "light_index": 27,
      "camera_index": 0,
      "transform_matrix": [
        [
          0.9990758299827576,
          0.018248898908495903,
          -0.03891687095165253,
          0.030625877901911736
        ],
        [
          -0.040819499641656876,
          0.6864507794380188,
          -0.7260296940803528,
          -0.723338782787323
        ],
        [
          0.0134652741253376,
          0.7269472479820251,
          0.6865612864494324,
          0.6447518467903137
        ],
        [
          0.0,
          -0.0,
          -0.0,
          1.0
        ]
      ],
      "transform_matrix_light": [
        [
          0.767658531665802,
          -0.5197020173072815,
          -0.37498024106025696,
          -0.1976272165775299
        ],
        [
          0.6179258823394775,
          0.4451237916946411,
          0.6480990648269653,
          0.3239675760269165
        ],
        [
          -0.16990578174591064,
          -0.7292287945747375,
          0.6628404259681702,
          0.44547030329704285
        ],
        [
          0.0,
          -0.0,
          -0.0,
          1.0
        ]
      ]
    },
    {
      "index": 28,
      "file_path": "lset028/data/00_image.png",
      "light_index": 28,
      "camera_index": 0,
      "transform_matrix": [
        [
          0.9990758299827576,
          0.018248898908495903,
          -0.03891687095165253,
          0.030625877901911736
        ],
        [
          -0.040819499641656876,
          0.6864507794380188,
          -0.7260296940803528,
          -0.723338782787323
        ],
        [
          0.0134652741253376,
          0.7269472479820251,
          0.6865612864494324,
          0.6447518467903137
        ],
        [
          0.0,
          -0.0,
          -0.0,
          1.0
        ]
      ],
      "transform_matrix_light": [
        [
          0.9340009689331055,
          -0.29091277718544006,
          -0.20739318430423737,
          -0.09798542410135269
        ],
        [
          0.34372127056121826,
          0.5733336806297302,
          0.7437366247177124,
          0.3793281018733978
        ],
        [
          -0.09745697677135468,
          -0.7659361958503723,
          0.6354871392250061,
          0.43059802055358887
        ],
        [
          0.0,
          -0.0,
          -0.0,
          1.0
        ]
      ]
    },
    {
      "index": 29,
      "file_path": "lset029/data/00_image.png",
      "light_index": 29,
      "camera_index": 0,
      "transform_matrix": [
        [
          0.9990758299827576,
          0.018248898908495903,
          -0.03891687095165253,
          0.030625877901911736
        ],
        [
          -0.040819499641656876,
          0.6864507794380188,
          -0.7260296940803528,
          -0.723338782787323
        ],
        [
          0.0134652741253376,
          0.7269472479820251,
          0.6865612864494324,
          0.6447518467903137
        ],
        [
          0.0,
          -0.0,
          -0.0,
          1.0
        ]
      ],
      "transform_matrix_light": [
        [
          0.9993988871574402,
          -0.03068086877465248,
          -0.016142088919878006,
          0.014387456700205803
        ],
        [
          0.031747642904520035,
          0.6228927373886108,
          0.7816627621650696,
          0.4004763960838318
        ],
        [
          -0.013927302323281765,
          -0.781705379486084,
          0.6234923601150513,
          0.42486920952796936
        ],
        [
          0.0,
          -0.0,
          -0.0,
          1.0
        ]
      ]
    },
    {
      "index": 30,
      "file_path": "lset030/data/00_image.png",
      "light_index": 30,
      "camera_index": 0,
      "transform_matrix": [
        [
          0.9990758299827576,
          0.018248898908495903,
          -0.03891687095165253,
          0.030625877901911736
        ],
        [
          -0.040819499641656876,
          0.6864507794380188,
          -0.7260296940803528,
          -0.723338782787323
        ],
        [
          0.0134652741253376,
          0.7269472479820251,
          0.6865612864494324,
          0.6447518467903137
        ],
        [
          0.0,
          -0.0,
          -0.0,
          1.0
        ]
      ],
      "transform_matrix_light": [
        [
          0.9561928510665894,
          0.232644721865654,
          0.17768408358097076,
          0.12757760286331177
        ],
        [
          -0.283812940120697,
          0.5880089998245239,
          0.7574269771575928,
          0.38491740822792053
        ],
        [
          0.07173153758049011,
          -0.7746753096580505,
          0.628277599811554,
          0.42892295122146606
        ],
        [
          0.0,
          -0.0,
          -0.0,
          1.0
        ]
      ]
    },
    {
      "index": 31,
      "file_path": "lset031/data/00_image.png",
      "light_index": 31,
      "camera_index": 0,
      "transform_matrix": [
        [
          0.9990758299827576,
          0.018248898908495903,
          -0.03891687095165253,
          0.030625877901911736
        ],
        [
          -0.040819499641656876,
          0.6864507794380188,
          -0.7260296940803528,
          -0.723338782787323
        ],
        [
          0.0134652741253376,
          0.7269472479820251,
          0.6865612864494324,
          0.6447518467903137
        ],
        [
          0.0,
          -0.0,
          -0.0,
          1.0
        ]
      ],
      "transform_matrix_light": [
        [
          0.8091619610786438,
          0.4698036015033722,
          0.35290437936782837,
          0.22961996495723724
        ],
        [
          -0.5682068467140198,
          0.47265347838401794,
          0.6736019849777222,
          0.3344968557357788
        ],
        [
          0.1496591567993164,
          -0.7455757856369019,
          0.6493988633155823,
          0.44231879711151123
        ],
        [
          0.0,
          -0.0,
          -0.0,
          1.0
        ]
      ]
    },
    {
      "index": 32,
      "file_path": "lset032/data/00_image.png",
      "light_index": 32,
      "camera_index": 0,
      "transform_matrix": [
        [
          0.9990758299827576,
          0.018248898908495903,
          -0.03891687095165253,
          0.030625877901911736
        ],
        [
          -0.040819499641656876,
          0.6864507794380188,
          -0.7260296940803528,
          -0.723338782787323
        ],
        [
          0.0134652741253376,
