{
  "k1": 0.0,
  "k2": 0.0,
  "k3": 0.0,
  "k4": 0.0,
  "p1": 0.0,
  "p2": 0.0,
  "is_fisheye": false,
  "frames": [
    {
      "index": 0,
      "file_path": "lset000/data/00_image.png",
      "light_index": 0,
      "camera_index": 0,
      "transform_matrix": [
        [
          0.9990758299827576,
          0.018248898908495903,
          -0.03891687095165253,
          0.030625877901911736
        ],
        [
          -0.040819499641656876,
          0.6864507794380188,
          -0.7260296940803528,
          -0.723338782787323
        ],
        [
          0.0134652741253376,
          0.7269472479820251,
          0.6865612864494324,
          0.6447518467903137
        ],
        [
          0.0,
          -0.0,
          -0.0,
          1.0
        ]
      ],
      "transform_matrix_light": [
        [
          -0.7639613747596741,
          -0.631879985332489,
          -0.1307315081357956,
          -0.0625932365655899
        ],
        [
          0.6251721382141113,
          -0.7749872207641602,
          0.09249122440814972,
          -0.0032579582184553146
        ],
        [
          -0.15975859761238098,
          -0.011069979518651962,
          0.9870940446853638,
          0.6366674900054932
        ],
        [
          0.0,
          -0.0,
          -0.0,
          1.0
        ]
      ]
    },
    {
      "index": 1,
      "file_path": "lset001/data/00_image.png",
      "light_index": 1,
      "camera_index": 0,
      "transform_matrix": [
        [
          0.9990758299827576,
          0.018248898908495903,
          -0.03891687095165253,
          0.030625877901911736
        ],
        [
          -0.040819499641656876,
          0.6864507794380188,
          -0.7260296940803528,
          -0.723338782787323
        ],
        [
          0.0134652741253376,
          0.7269472479820251,
          0.6865612864494324,
          0.6447518467903137
        ],
        [
          0.0,
          -0.0,
          -0.0,
          1.0
        ]
      ],
      "transform_matrix_light": [
        [
          0.027365433052182198,
          -0.9775394201278687,
          -0.20896849036216736,
          -0.1059744656085968
        ],
        [
          0.9655145406723022,
          -0.02829630672931671,
          0.25880685448646545,
          0.09565369784832001
        ],
        [
          -0.25890693068504333,
          -0.20884448289871216,
          0.94305419921875,
          0.6103381514549255
        ],
        [
          0.0,
          -0.0,
          -0.0,
          1.0
        ]
      ]
    },
    {
      "index": 2,
      "file_path": "lset002/data/00_image.png",
      "light_index": 2,
      "camera_index": 0,
      "transform_matrix": [
        [
          0.9990758299827576,
          0.018248898908495903,
          -0.03891687095165253,
          0.030625877901911736
        ],
        [
          -0.040819499641656876,
          0.6864507794380188,
          -0.7260296940803528,
          -0.723338782787323
        ],
        [
          0.0134652741253376,
          0.7269472479820251,
          0.6865612864494324,
          0.6447518467903137
        ],
        [
          0.0,
          -0.0,
          -0.0,
          1.0
        ]
      ],
      "transform_matrix_light": [
        [
          0.7981058955192566,
          -0.5896895527839661,
          -0.12366576492786407,
          -0.05281469598412514
        ],
        [
          0.5803048610687256,
          0.6971012949943542,
          0.42106539011001587,
          0.19026120007038116
        ],
        [
          -0.16209031641483307,
          -0.40781861543655396,
          0.8985603451728821,
          0.5849400758743286
        ],
        [
          0.0,
          -0.0,
          -0.0,
          1.0
        ]
      ]
    },
    {
      "index": 3,
      "file_path": "lset003/data/00_image.png",
      "light_index": 3,
      "camera_index": 0,
      "transform_matrix": [
        [
          0.9990758299827576,
          0.018248898908495903,
          -0.03891687095165253,
          0.030625877901911736
        ],
        [
          -0.040819499641656876,
          0.6864507794380188,
          -0.7260296940803528,
          -0.723338782787323
        ],
        [
          0.0134652741253376,
          0.7269472479820251,
          0.6865612864494324,
          0.6447518467903137
        ],
        [
          0.0,
          -0.0,
          -0.0,
          1.0
        ]
      ],
      "transform_matrix_light": [
        [
          0.9686567783355713,
          0.24073176085948944,
          0.0612553209066391,
          0.05672024190425873
        ],
        [
          -0.24160178005695343,
          0.8557320833206177,
          0.4575490653514862,
          0.2092590183019638
        ],
        [
          0.057728447020053864,
          -0.45800742506980896,
          0.887071967124939,
          0.5797531604766846
        ],
        [
          0.0,
          -0.0,
          -0.0,
          1.0
        ]
      ]
    },
    {
      "index": 4,
      "file_path": "lset004/data/00_image.png",
      "light_index": 4,
      "camera_index": 0,
      "transform_matrix": [
        [
          0.9990758299827576,
          0.018248898908495903,
          -0.03891687095165253,
          0.030625877901911736
        ],
        [
          -0.040819499641656876,
          0.6864507794380188,
          -0.7260296940803528,
          -0.723338782787323
        ],
        [
          0.0134652741253376,
          0.7269472479820251,
          0.6865612864494324,
          0.6447518467903137
        ],
        [
          0.0,
          -0.0,
          -0.0,
          1.0
        ]
      ],
      "transform_matrix_light": [
        [
          0.40921276807785034,
          0.888766348361969,
          0.2064928561449051,
          0.1401630938053131
        ],
        [
          -0.8816487789154053,
          0.3268511891365051,
          0.3403875529766083,
          0.13834938406944275
        ],
        [
          0.2350325584411621,
          -0.32134509086608887,
          0.9173314571380615,
          0.5986853837966919
        ],
        [
          0.0,
          -0.0,
          -0.0,
          1.0
        ]
      ]
    },
    {
      "index": 5,
      "file_path": "lset005/data/00_image.png",
      "light_index": 5,
      "camera_index": 0,
      "transform_matrix": [
        [
          0.9990758299827576,
          0.018248898908495903,
          -0.03891687095165253,
          0.030625877901911736
        ],
        [
          -0.040819499641656876,
          0.6864507794380188,
          -0.7260296940803528,
          -0.723338782787323
        ],
        [
          0.0134652741253376,
          0.7269472479820251,
          0.6865612864494324,
          0.6447518467903137
        ],
        [
          0.0,
          -0.0,
          -0.0,
          1.0
        ]
      ],
      "transform_matrix_light": [
        [
          -0.4587954878807068,
          0.8651288747787476,
          0.20262953639030457,
          0.13480478525161743
        ],
        [
          -0.8566468358039856,
          -0.4912235140800476,
          0.1576569676399231,
          0.03094990737736225
        ],
        [
          0.23592998087406158,
          -0.10124964267015457,
          0.9664810299873352,
          0.6272556185722351
        ],
        [
          0.0,
          -0.0,
          -0.0,
          1.0
        ]
      ]
    },
    {
      "index": 6,
      "file_path": "lset006/data/00_image.png",
      "light_index": 6,
      "camera_index": 0,
      "transform_matrix": [
        [
          0.9990758299827576,
          0.018248898908495903,
          -0.03891687095165253,
          0.030625877901911736
        ],
        [
          -0.040819499641656876,
          0.6864507794380188,
          -0.7260296940803528,
          -0.723338782787323
        ],
        [
          0.0134652741253376,
          0.7269472479820251,
          0.6865612864494324,
          0.6447518467903137
        ],
        [
          0.0,
          -0.0,
          -0.0,
          1.0
        ]
      ],
      "transform_matrix_light": [
        [
          -0.9808027744293213,
          0.1878402829170227,
          0.0523633174598217,
          0.0445706732571125
        ],
        [
          -0.18544289469718933,
          -0.981509268283844,
          0.047438930720090866,
          -0.03202297165989876
        ],
        [
          0.06030602380633354,
          0.03681783005595207,
          0.9975007176399231,
          0.6442187428474426
        ],
        [
          0.0,
          -0.0,
          -0.0,
          1.0
        ]
      ]
    },
    {
      "index": 7,
      "file_path": "lset007/data/00_image.png",
      "light_index": 7,
      "camera_index": 0,
      "transform_matrix": [
        [
          0.9990758299827576,
          0.018248898908495903,
          -0.03891687095165253,
          0.030625877901911736
        ],
        [
          -0.040819499641656876,
          0.6864507794380188,
          -0.7260296940803528,
          -0.723338782787323
        ],
        [
          0.0134652741253376,
          0.7269472479820251,
          0.6865612864494324,
          0.6447518467903137
        ],
        [
          0.0,
          -0.0,
          -0.0,
          1.0
        ]
      ],
      "transform_matrix_light": [
        [
          -0.9134916067123413,
          -0.3749849200248718,
          -0.1578589677810669,
          -0.07902070879936218
        ],
        [
          0.3956226408481598,
          -0.9092305898666382,
          -0.12954726815223694,
          -0.1341368854045868
        ],
        [
          -0.09495192021131516,
          -0.1807929128408432,
          0.9789270162582397,
          0.6315378546714783
        ],
        [
          0.0,
          -0.0,
          -0.0,
          1.0
        ]
      ]
    },
    {
      "index": 8,
      "file_path": "lset008/data/00_image.png",
      "light_index": 8,
      "camera_index": 0,
      "transform_matrix": [
        [
          0.9990758299827576,
          0.018248898908495903,
          -0.03891687095165253,
          0.030625877901911736
        ],
        [
          -0.040819499641656876,
          0.6864507794380188,
          -0.7260296940803528,
          -0.723338782787323
        ],
        [
          0.0134652741253376,
          0.7269472479820251,
          0.6865612864494324,
          0.6447518467903137
        ],
        [
          0.0,
          -0.0,
          -0.0,
          1.0
        ]
      ],
      "transform_matrix_light": [
        [
          -0.6202998161315918,
          -0.7183299660682678,
          -0.3150081932544708,
          -0.17049112915992737
        ],
        [
          0.7595130801200867,
          -0.6503714919090271,
          -0.012521832250058651,
          -0.06439729034900665
        ],
        [
          -0.1958775520324707,
          -0.24702012538909912,
          0.9490063190460205,
          0.6130837202072144
        ],
        [
          0.0,
          -0.0,
          -0.0,
          1.0
        ]
      ]
    },
    {
      "index": 9,
      "file_path": "lset009/data/00_image.png",
      "light_index": 9,
      "camera_index": 0,
      "transform_matrix": [
        [
          0.9990758299827576,
          0.018248898908495903,
          -0.03891687095165253,
          0.030625877901911736
        ],
        [
          -0.040819499641656876,
          0.6864507794380188,
          -0.7260296940803528,
          -0.723338782787323
        ],
        [
          0.0134652741253376,
          0.7269472479820251,
          0.6865612864494324,
          0.6447518467903137
        ],
        [
          0.0,
          -0.0,
          -0.0,
          1.0
        ]
      ],
      "transform_matrix_light": [
        [
          -0.18546226620674133,
          -0.898343563079834,
          -0.3982243239879608,
          -0.21780453622341156
        ],
        [
          0.9499498009681702,
          -0.26758527755737305,
          0.1612248420715332,
          0.038400955498218536
        ],
        [
          -0.25139427185058594,
          -0.3483920097351074,
          0.9030082821846008,
          0.5855947732925415
        ],
        [
          0.0,
          -0.0,
          -0.0,
          1.0
        ]
      ]
    },
    {
      "index": 10,
      "file_path": "lset010/data/00_image.png",
      "light_index": 10,
      "camera_index": 0,
      "transform_matrix": [
        [
          0.9990758299827576,
          0.018248898908495903,
          -0.03891687095165253,
          0.030625877901911736
        ],
        [
          -0.040819499641656876,
          0.6864507794380188,
          -0.7260296940803528,
          -0.723338782787323
        ],
        [
          0.0134652741253376,
          0.7269472479820251,
          0.6865612864494324,
          0.6447518467903137
        ],
        [
          0.0,
          -0.0,
          -0.0,
          1.0
        ]
      ],
      "transform_matrix_light": [
        [
          0.2915272116661072,
          -0.8740126490592957,
          -0.3887335956096649,
          -0.2099708765745163
        ],
        [
          0.9236308336257935,
          0.15148420631885529,
          0.3520776033401489,
          0.1507168561220169
        ],
        [
          -0.2488332837820053,
          -0.46168652176856995,
          0.8514267802238464,
          0.5555436611175537
        ],
        [
          0.0,
          -0.0,
          -0.0,
          1.0
        ]
      ]
    },
    {
      "index": 11,
      "file_path": "lset011/data/00_image.png",
      "light_index": 11,
      "camera_index": 0,
      "transform_matrix": [
        [
          0.9990758299827576,
          0.018248898908495903,
          -0.03891687095165253,
          0.030625877901911736
        ],
        [
          -0.040819499641656876,
          0.6864507794380188,
          -0.7260296940803528,
          -0.723338782787323
        ],
        [
          0.0134652741253376,
          0.7269472479820251,
          0.6865612864494324,
          0.6447518467903137
        ],
        [
          0.0,
          -0.0,
          -0.0,
          1.0
        ]
      ],
      "transform_matrix_light": [
        [
          0.7020339965820312,
          -0.6510663628578186,
          -0.2885495126247406,
          -0.14889541268348694
        ],
        [
          0.686639130115509,
          0.5113731622695923,
          0.5167438387870789,
          0.24681371450424194
        ],
        [
          -0.18887805938720703,
          -0.5609011054039001,
          0.8060489892959595,
          0.5298254489898682
        ],
        [
          0.0,
          -0.0,
          -0.0,
          1.0
        ]
      ]
    },
    {
      "index": 12,
      "file_path": "lset012/data/00_image.png",
      "light_index": 12,
      "camera_index": 0,
      "transform_matrix": [
        [
          0.9990758299827576,
          0.018248898908495903,
          -0.03891687095165253,
          0.030625877901911736
        ],
        [
          -0.040819499641656876,
          0.6864507794380188,
          -0.7260296940803528,
          -0.723338782787323
        ],
        [
          0.0134652741253376,
          0.7269472479820251,
          0.6865612864494324,
          0.6447518467903137
        ],
        [
          0.0,
          -0.0,
          -0.0,
          1.0
        ]
      ],
      "transform_matrix_light": [
        [
          0.9524127244949341,
          -0.279977947473526,
          -0.12050853669643402,
          -0.04871849715709686
        ],
        [
          0.29274749755859375,
          0.7300688624382019,
          0.6174936294555664,
          0.30479714274406433
        ],
        [
          -0.08490508049726486,
          -0.6233873963356018,
          0.7772896885871887,
          0.5142660140991211
        ],
        [
          0.0,
          -0.0,
          -0.0,
          1.0
        ]
      ]
    },
    {
      "index": 13,
      "file_path": "lset013/data/00_image.png",
      "light_index": 13,
      "camera_index": 0,
      "transform_matrix": [
        [
          0.9990758299827576,
          0.018248898908495903,
          -0.03891687095165253,
          0.030625877901911736
        ],
        [
          -0.040819499641656876,
          0.6864507794380188,
          -0.7260296940803528,
          -0.723338782787323
        ],
        [
          0.0134652741253376,
          0.7269472479820251,
          0.6865612864494324,
          0.6447518467903137
        ],
        [
          0.0,
          -0.0,
          -0.0,
          1.0
        ]
      ],
      "transform_matrix_light": [
        [
          0.9849079251289368,
          0.15484581887722015,
          0.0773247480392456,
          0.06756304949522018
        ],
        [
          -0.1685974895954132,
          0.7573296427726746,
          0.6308935880661011,
          0.311157763004303
        ],
        [
          0.039130911231040955,
          -0.6344088912010193,
          0.7720065712928772,
          0.5123176574707031
        ],
        [
          0.0,
          -0.0,
          -0.0,
          1.0
        ]
      ]
    },
    {
      "index": 14,
      "file_path": "lset014/data/00_image.png",
      "light_index": 14,
      "camera_index": 0,
      "transform_matrix": [
        [
          0.9990758299827576,
          0.018248898908495903,
          -0.03891687095165253,
          0.030625877901911736
        ],
        [
          -0.040819499641656876,
          0.6864507794380188,
          -0.7260296940803528,
          -0.723338782787323
        ],
        [
          0.0134652741253376,
          0.7269472479820251,
          0.6865612864494324,
          0.6447518467903137
        ],
        [
          0.0,
          -0.0,
          -0.0,
          1.0
        ]
      ],
      "transform_matrix_light": [
        [
          0.7914057970046997,
          0.5535790324211121,
          0.2592819035053253,
          0.17347654700279236
        ],
        [
          -0.5913759469985962,
          0.5859557390213013,
          0.5540129542350769,
          0.26444879174232483
        ],
        [
          0.15476222336292267,
          -0.5917821526527405,
          0.7911021113395691,
          0.5248054265975952
        ],
        [
          0.0,
          -0.0,
          -0.0,
          1.0
        ]
      ]
    },
    {
      "index": 15,
      "file_path": "lset015/data/00_image.png",
      "light_index": 15,
      "camera_index": 0,
      "transform_matrix": [
        [
          0.9990758299827576,
          0.018248898908495903,
          -0.03891687095165253,
          0.030625877901911736
        ],
        [
          -0.040819499641656876,
          0.6864507794380188,
          -0.7260296940803528,
          -0.723338782787323
        ],
        [
          0.0134652741253376,
          0.7269472479820251,
          0.6865612864494324,
          0.6447518467903137
        ],
        [
          0.0,
          -0.0,
          -0.0,
          1.0
        ]
      ],
      "transform_matrix_light": [
        [
          0.416141152381897,
          0.8243684768676758,
          0.383722722530365,
          0.24467813968658447
        ],
        [
          -0.8783318996429443,
          0.2552291750907898,
          0.4042167067527771,
          0.1754322499036789
        ],
        [
          0.23528628051280975,
          -0.5052471160888672,
          0.8302804827690125,
          0.5485076308250427
        ],
        [
          0.0,
          -0.0,
          -0.0,
          1.0
        ]
      ]
    },
    {
      "index": 16,
      "file_path": "lset016/data/00_image.png",
      "light_index": 16,
      "camera_index": 0,
      "transform_matrix": [
        [
          0.9990758299827576,
          0.018248898908495903,
          -0.03891687095165253,
          0.030625877901911736
        ],
        [
          -0.040819499641656876,
          0.6864507794380188,
          -0.7260296940803528,
          -0.723338782787323
        ],
        [
          0.0134652741253376,
          0.7269472479820251,
          0.6865612864494324,
          0.6447518467903137
        ],
        [
          0.0,
          -0.0,
          -0.0,
          1.0
        ]
      ],
      "transform_matrix_light": [
        [
          -0.05477163568139076,
          0.9050158858299255,
          0.42183688282966614,
          0.2650173306465149
        ],
        [
          -0.9634389877319336,
          -0.15886855125427246,
          0.21574553847312927,
          0.06465961784124374
        ],
        [
          0.2622697651386261,
          -0.3945973515510559,
          0.8806290626525879,
          0.5780773758888245
        ],
        [
          0.0,
          -0.0,
          -0.0,
          1.0
        ]
      ]
    },
    {
      "index": 17,
      "file_path": "lset017/data/00_image.png",
      "light_index": 17,
      "camera_index": 0,
      "transform_matrix": [
        [
          0.9990758299827576,
          0.018248898908495903,
          -0.03891687095165253,
          0.030625877901911736
        ],
        [
          -0.040819499641656876,
          0.6864507794380188,
          -0.7260296940803528,
          -0.723338782787323
        ],
        [
          0.0134652741253376,
          0.7269472479820251,
          0.6865612864494324,
          0.6447518467903137
        ],
        [
          0.0,
          -0.0,
          -0.0,
          1.0
        ]
      ],
      "transform_matrix_light": [
        [
          -0.5131226181983948,
          0.7768519520759583,
          0.3649742901325226,
          0.22975723445415497
        ],
        [
          -0.8269751071929932,
          -0.5613202452659607,
          0.03212042152881622,
          -0.04262077435851097
        ],
        [
          0.22982028126716614,
          -0.2853429317474365,
          0.9304633736610413,
          0.6067740321159363
        ],
        [
          0.0,
          -0.0,
          -0.0,
          1.0
        ]
      ]
    },
    {
      "index": 18,
      "file_path": "lset018/data/00_image.png",
      "light_index": 18,
      "camera_index": 0,
      "transform_matrix": [
        [
          0.9990758299827576,
          0.018248898908495903,
          -0.03891687095165253,
          0.030625877901911736
        ],
        [
          -0.040819499641656876,
          0.6864507794380188,
          -0.7260296940803528,
          -0.723338782787323
        ],
        [
          0.0134652741253376,
          0.7269472479820251,
          0.6865612864494324,
          0.6447518467903137
        ],
        [
          0.0,
          -0.0,
          -0.0,
          1.0
        ]
      ],
      "transform_matrix_light": [
        [
          -0.8535812497138977,
          0.4693675935268402,
          0.22603799402713776,
          0.14699360728263855
        ],
        [
          -0.5002998113632202,
          -0.8595278263092041,
          -0.10446058213710785,
          -0.12177353352308273
        ],
        [
          0.14525552093982697,
          -0.2022523581981659,
          0.9685013294219971,
          0.6280432939529419
        ],
        [
          0.0,
          -0.0,
          -0.0,
          1.0
        ]
      ]
    },
    {
      "index": 19,
      "file_path": "lset019/data/00_image.png",
      "light_index": 19,
      "camera_index": 0,
      "transform_matrix": [
        [
          0.9990758299827576,
          0.018248898908495903,
          -0.03891687095165253,
          0.030625877901911736
        ],
        [
          -0.040819499641656876,
          0.6864507794380188,
          -0.7260296940803528,
          -0.723338782787323
        ],
        [
          0.0134652741253376,
          0.7269472479820251,
          0.6865612864494324,
          0.6447518467903137
        ],
        [
          0.0,
          -0.0,
          -0.0,
          1.0
        ]
      ],
      "transform_matrix_light": [
        [
          -0.9978657364845276,
          0.05359296873211861,
          0.03730691596865654,
          0.035574693232774734
        ],
        [
          -0.05898060277104378,
          -0.984907865524292,
          -0.16272003948688507,
          -0.15483902394771576
        ],
        [
          0.02802322618663311,
          -0.16457313299179077,
          0.9859667420387268,
          0.6369508504867554
        ],
        [
          0.0,
          -0.0,
          -0.0,
          1.0
        ]
      ]
    },
    {
      "index": 20,
      "file_path": "lset020/data/00_image.png",
      "light_index": 20,
      "camera_index": 0,
      "transform_matrix": [
        [
          0.9990758299827576,
          0.018248898908495903,
          -0.03891687095165253,
          0.030625877901911736
        ],
        [
          -0.040819499641656876,
          0.6864507794380188,
          -0.7260296940803528,
          -0.723338782787323
        ],
        [
          0.0134652741253376,
          0.7269472479820251,
          0.6865612864494324,
          0.6447518467903137
        ],
        [
          0.0,
          -0.0,
          -0.0,
          1.0
        ]
      ],
      "transform_matrix_light": [
        [
          -0.9906116127967834,
          -0.1174420490860939,
          -0.06997165828943253,
          -0.026588769629597664
        ],
        [
          0.13482913374900818,
          -0.9238634705543518,
          -0.3581862151622772,
          -0.26864734292030334
        ],
        [
          -0.022578135132789612,
          -0.3642576336860657,
          0.9310244917869568,
          0.6036553382873535
        ],
        [
          0.0,
          -0.0,
          -0.0,
          1.0
        ]
      ]
    },
    {
      "index": 21,
      "file_path": "lset021/data/00_image.png",
      "light_index": 21,
      "camera_index": 0,
      "transform_matrix": [
        [
          0.9990758299827576,
          0.018248898908495903,
          -0.03891687095165253,
          0.030625877901911736
        ],
        [
          -0.040819499641656876,
          0.6864507794380188,
          -0.7260296940803528,
          -0.723338782787323
        ],
        [
          0.0134652741253376,
          0.7269472479820251,
          0.6865612864494324,
          0.6447518467903137
        ],
        [
          0.0,
          -0.0,
          -0.0,
          1.0
        ]
      ],
      "transform_matrix_light": [
        [
          -0.8930342197418213,
          -0.36997807025909424,
          -0.25613683462142944,
          -0.13605132699012756
        ],
        [
          0.43760043382644653,
          -0.8466752767562866,
          -0.3027322292327881,
          -0.23546496033668518
        ],
        [
          -0.10486042499542236,
          -0.3824358284473419,
          0.9180126190185547,
          0.5949243307113647
        ],
        [
          0.0,
          -0.0,
          -0.0,
          1.0
        ]
      ]
    },
    {
      "index": 22,
      "file_path": "lset022/data/00_image.png",
      "light_index": 22,
      "camera_index": 0,
      "transform_matrix": [
        [
          0.9990758299827576,
          0.018248898908495903,
          -0.03891687095165253,
          0.030625877901911736
        ],
        [
          -0.040819499641656876,
          0.6864507794380188,
          -0.7260296940803528,
          -0.723338782787323
        ],
        [
          0.0134652741253376,
          0.7269472479820251,
          0.6865612864494324,
          0.6447518467903137
        ],
        [
          0.0,
          -0.0,
          -0.0,
          1.0
        ]
      ],
      "transform_matrix_light": [
        [
          -0.6989902853965759,
          -0.5832401514053345,
          -0.41381585597991943,
          -0.22851118445396423
        ],
        [
          0.6932768225669861,
          -0.6946156024932861,
          -0.1920323669910431,
          -0.16983486711978912
        ],
        [
          -0.17544196546077728,
          -0.4211176931858063,
          0.8898764252662659,
          0.5773853063583374
        ],
        [
          0.0,
          -0.0,
          -0.0,
          1.0
        ]
      ]
    },
    {
      "index": 23,
      "file_path": "lset023/data/00_image.png",
      "light_index": 23,
      "camera_index": 0,
      "transform_matrix": [
        [
          0.9990758299827576,
          0.018248898908495903,
          -0.03891687095165253,
          0.030625877901911736
        ],
        [
          -0.040819499641656876,
          0.6864507794380188,
          -0.7260296940803528,
          -0.723338782787323
        ],
        [
          0.0134652741253376,
          0.7269472479820251,
          0.6865612864494324,
          0.6447518467903137
        ],
        [
          0.0,
          -0.0,
          -0.0,
          1.0
        ]
      ],
      "transform_matrix_light": [
        [
          -0.42956483364105225,
          -0.7339891791343689,
          -0.5260550379753113,
          -0.2935754954814911
        ],
        [
          0.8740478157997131,
          -0.4843580424785614,
          -0.037917360663414,
          -0.07869477570056915
        ],
        [
          -0.22696806490421295,
          -0.47608521580696106,
          0.8496048450469971,
          0.5532539486885071
        ],
        [
          0.0,
          -0.0,
          -0.0,
          1.0
        ]
      ]
    },
    {
      "index": 24,
      "file_path": "lset024/data/00_image.png",
      "light_index": 24,
      "camera_index": 0,
      "transform_matrix": [
        [
          0.9990758299827576,
          0.018248898908495903,
          -0.03891687095165253,
          0.030625877901911736
        ],
        [
          -0.040819499641656876,
          0.6864507794380188,
          -0.7260296940803528,
          -0.723338782787323
        ],
        [
          0.0134652741253376,
          0.7269472479820251,
          0.6865612864494324,
          0.6447518467903137
        ],
        [
          0.0,
          -0.0,
          -0.0,
          1.0
        ]
      ],
      "transform_matrix_light": [
        [
          -0.1138426810503006,
          -0.8060716390609741,
          -0.5807653665542603,
          -0.32438263297080994
        ],
        [
          0.960570752620697,
          -0.2385561317205429,
          0.14281047880649567,
          0.027888109907507896
        ],
        [
          -0.2536606192588806,
          -0.5416082739830017,
          0.8014466762542725,
          0.5247846245765686
        ],
        [
          0.0,
          -0.0,
          -0.0,
          1.0
        ]
      ]
    },
    {
      "index": 25,
      "file_path": "lset025/data/00_image.png",
      "light_index": 25,
      "camera_index": 0,
      "transform_matrix": [
        [
          0.9990758299827576,
          0.018248898908495903,
          -0.03891687095165253,
          0.030625877901911736
        ],
        [
          -0.040819499641656876,
          0.6864507794380188,
          -0.7260296940803528,
          -0.723338782787323
        ],
        [
          0.0134652741253376,
          0.7269472479820251,
          0.6865612864494324,
          0.6447518467903137
        ],
        [
          0.0,
          -0.0,
          -0.0,
          1.0
        ]
      ],
      "transform_matrix_light": [
        [
          0.21413211524486542,
          -0.7917816042900085,
          -0.5720396041870117,
          -0.31744909286499023
        ],
        [
          0.9436047077178955,
          0.01628962531685829,
          0.33067333698272705,
          0.13826985657215118
        ],
        [
          -0.25250276923179626,
          -0.6105870008468628,
          0.7506169676780701,
          0.4952995479106903
        ],
        [
          0.0,
          -0.0,
          -0.0,
          1.0
        ]
      ]
    },
    {
      "index": 26,
      "file_path": "lset026/data/00_image.png",
      "light_index": 26,
      "camera_index": 0,
      "transform_matrix": [
        [
          0.9990758299827576,
          0.018248898908495903,
          -0.03891687095165253,
          0.030625877901911736
        ],
        [
          -0.040819499641656876,
          0.6864507794380188,
          -0.7260296940803528,
          -0.723338782787323
        ],
        [
          0.0134652741253376,
          0.7269472479820251,
          0.6865612864494324,
          0.6447518467903137
        ],
        [
          0.0,
          -0.0,
          -0.0,
          1.0
        ]
      ],
      "transform_matrix_light": [
        [
          0.5188753604888916,
          -0.6927167177200317,
          -0.5009109973907471,
          -0.2735878825187683
        ],
        [
          0.8250719308853149,
          0.2525067627429962,
          0.5054666996002197,
          0.2406526654958725
        ],
        [
          -0.22366183996200562,
          -0.6755618453025818,
          0.7025607228279114,
          0.4679969251155853
        ],
        [
          0.0,
          -0.0,
          -0.0,
          1.0
        ]
      ]
    },
    {
      "index": 27,
      "file_path": "lset027/data/00_image.png",
      "light_index": 27,
      "camera_index": 0,
      "transform_matrix": [
        [
          0.9990758299827576,
          0.018248898908495903,
          -0.03891687095165253,
          0.030625877901911736
        ],
        [
          -0.040819499641656876,
          0.6864507794380188,
          -0.7260296940803528,
          -0.723338782787323
        ],
        [
          0.0134652741253376,
          0.7269472479820251,
          0.6865612864494324,
          0.6447518467903137
        ],
        [
          0.0,
          -0.0,
          -0.0,
          1.0
        ]
      ],
      "transform_matrix_light": [
        [
          0.7676587700843811,
          -0.5197011232376099,
          -0.3749810457229614,
          -0.1976282000541687
        ],
        [
          0.617929995059967,
          0.4451414942741394,
          0.648082971572876,
          0.32395344972610474
        ],
        [
          -0.16988980770111084,
          -0.729218602180481,
          0.6628556847572327,
          0.4454810321331024
        ],
        [
          0.0,
          -0.0,
          -0.0,
          1.0
        ]
      ]
    },
    {
      "index": 28,
      "file_path": "lset028/data/00_image.png",
      "light_index": 28,
      "camera_index": 0,
      "transform_matrix": [
        [
          0.9990758299827576,
          0.018248898908495903,
          -0.03891687095165253,
          0.030625877901911736
        ],
        [
          -0.040819499641656876,
          0.6864507794380188,
          -0.7260296940803528,
          -0.723338782787323
        ],
        [
          0.0134652741253376,
          0.7269472479820251,
          0.6865612864494324,
          0.6447518467903137
        ],
        [
          0.0,
          -0.0,
          -0.0,
          1.0
        ]
      ],
      "transform_matrix_light": [
        [
          0.9339944124221802,
          -0.29091301560401917,
          -0.20742230117321014,
          -0.09798096120357513
        ],
        [
          0.34373950958251953,
          0.5732936263084412,
          0.7437590956687927,
          0.37934640049934387
        ],
        [
          -0.09745530784130096,
          -0.7659660577774048,
          0.6354513764381409,
          0.4306166172027588
        ],
        [
          0.0,
          -0.0,
          -0.0,
          1.0
        ]
      ]
    },
    {
      "index": 29,
      "file_path": "lset029/data/00_image.png",
      "light_index": 29,
      "camera_index": 0,
      "transform_matrix": [
        [
          0.9990758299827576,
          0.018248898908495903,
          -0.03891687095165253,
          0.030625877901911736
        ],
        [
          -0.040819499641656876,
          0.6864507794380188,
          -0.7260296940803528,
          -0.723338782787323
        ],
        [
          0.0134652741253376,
          0.7269472479820251,
          0.6865612864494324,
          0.6447518467903137
        ],
        [
          0.0,
          -0.0,
          -0.0,
          1.0
        ]
      ],
      "transform_matrix_light": [
        [
          0.9993991255760193,
          -0.030657736584544182,
          -0.0161700751632452,
          0.014376777224242687
        ],
        [
          0.03175404667854309,
          0.6228333115577698,
          0.7817098498344421,
          0.40049412846565247
        ],
        [
          -0.01389419287443161,
          -0.7817535996437073,
          0.6234326362609863,
          0.4249195456504822
        ],
        [
          0.0,
          -0.0,
          -0.0,
          1.0
        ]
      ]
    },
    {
      "index": 30,
      "file_path": "lset030/data/00_image.png",
      "light_index": 30,
      "camera_index": 0,
      "transform_matrix": [
        [
          0.9990758299827576,
          0.018248898908495903,
          -0.03891687095165253,
          0.030625877901911736
        ],
        [
          -0.040819499641656876,
          0.6864507794380188,
          -0.7260296940803528,
          -0.723338782787323
        ],
        [
          0.0134652741253376,
          0.7269472479820251,
          0.6865612864494324,
          0.6447518467903137
        ],
        [
          0.0,
          -0.0,
          -0.0,
          1.0
        ]
      ],
      "transform_matrix_light": [
        [
          0.9561799168586731,
          0.2326364815235138,
          0.17776454985141754,
          0.12756918370723724
        ],
        [
          -0.2838701605796814,
          0.5879958868026733,
          0.7574157118797302,
          0.38489946722984314
        ],
        [
          0.07167769968509674,
          -0.7746877670288086,
          0.6282684206962585,
          0.4289328157901764
        ],
        [
          0.0,
          -0.0,
          -0.0,
          1.0
        ]
      ]
    },
    {
      "index": 31,
      "file_path": "lset031/data/00_image.png",
      "light_index": 31,
      "camera_index": 0,
      "transform_matrix": [
        [
          0.9990758299827576,
          0.018248898908495903,
          -0.03891687095165253,
          0.030625877901911736
        ],
        [
          -0.040819499641656876,
          0.6864507794380188,
          -0.7260296940803528,
          -0.723338782787323
        ],
        [
          0.0134652741253376,
          0.7269472479820251,
          0.6865612864494324,
          0.6447518467903137
        ],
        [
          0.0,
          -0.0,
          -0.0,
          1.0
        ]
      ],
      "transform_matrix_light": [
        [
          0.8092100024223328,
          0.46971750259399414,
          0.35290881991386414,
          0.22962217032909393
        ],
        [
          -0.5681516528129578,
          0.47267091274261475,
          0.6736363172531128,
          0.3345045745372772
        ],
        [
          0.1496090441942215,
          -0.745618999004364,
          0.6493607759475708,
          0.44236353039741516
        ],
        [
          0.0,
          -0.0,
          -0.0,
          1.0
        ]
      ]
    },
    {
      "index": 32,
      "file_path": "lset032/data/00_image.png",
      "light_index": 32,
      "camera_index": 0,
      "transform_matrix": [
        [
          0.9990758299827576,
          0.018248898908495903,
          -0.03891687095165253,
          0.030625877901911736
        ],
        [
          -0.040819499641656876,
          0.6864507794380188,
          -0.7260296940803528,
          -0.723338782787323
        ],
        [
          0.0134652741253376,
          0.7269472479820251,
