{
  "k1": 0.0,
  "k2": 0.0,
  "k3": 0.0,
  "k4": 0.0,
  "p1": 0.0,
  "p2": 0.0,
  "is_fisheye": false,
  "frames": [
    {
      "index": 0,
      "file_path": "lset000/data/00_image.png",
      "light_index": 0,
      "camera_index": 0,
      "transform_matrix": [
        [
          0.9990758299827576,
          0.018248898908495903,
          -0.03891687095165253,
          0.030625877901911736
        ],
        [
          -0.040819499641656876,
          0.6864507794380188,
          -0.7260296940803528,
          -0.723338782787323
        ],
        [
          0.0134652741253376,
          0.7269472479820251,
          0.6865612864494324,
          0.6447518467903137
        ],
        [
          0.0,
          -0.0,
          -0.0,
          1.0
        ]
      ],
      "transform_matrix_light": [
        [
          -0.76396244764328,
          -0.6318832635879517,
          -0.13070940971374512,
          -0.06258631497621536
        ],
        [
          0.6251826286315918,
          -0.7749841809272766,
          0.09244541823863983,
          -0.0032628581393510103
        ],
        [
          -0.15971244871616364,
          -0.011092429980635643,
          0.9871012568473816,
          0.6366288661956787
        ],
        [
          0.0,
          -0.0,
          -0.0,
          1.0
        ]
      ]
    },
    {
      "index": 1,
      "file_path": "lset001/data/00_image.png",
      "light_index": 1,
      "camera_index": 0,
      "transform_matrix": [
        [
          0.9990758299827576,
          0.018248898908495903,
          -0.03891687095165253,
          0.030625877901911736
        ],
        [
          -0.040819499641656876,
          0.6864507794380188,
          -0.7260296940803528,
          -0.723338782787323
        ],
        [
          0.0134652741253376,
          0.7269472479820251,
          0.6865612864494324,
          0.6447518467903137
        ],
        [
          0.0,
          -0.0,
          -0.0,
          1.0
        ]
      ],
      "transform_matrix_light": [
        [
          0.02738817036151886,
          -0.9775351285934448,
          -0.2089856117963791,
          -0.10597120970487595
        ],
        [
          0.9655032157897949,
          -0.028288034722208977,
          0.25884994864463806,
          0.0956568568944931
        ],
        [
          -0.2589467167854309,
          -0.2088657170534134,
          0.9430385828018188,
          0.6103700995445251
        ],
        [
          0.0,
          -0.0,
          -0.0,
          1.0
        ]
      ]
    },
    {
      "index": 2,
      "file_path": "lset003/data/00_image.png",
      "light_index": 3,
      "camera_index": 0,
      "transform_matrix": [
        [
          0.9990758299827576,
          0.018248898908495903,
          -0.03891687095165253,
          0.030625877901911736
        ],
        [
          -0.040819499641656876,
          0.6864507794380188,
          -0.7260296940803528,
          -0.723338782787323
        ],
        [
          0.0134652741253376,
          0.7269472479820251,
          0.6865612864494324,
          0.6447518467903137
        ],
        [
          0.0,
          -0.0,
          -0.0,
          1.0
        ]
      ],
      "transform_matrix_light": [
        [
          0.9686572551727295,
          0.2407332956790924,
          0.06124214828014374,
          0.056738272309303284
        ],
        [
          -0.24159736931324005,
          0.8557352423667908,
          0.45754554867744446,
          0.20924800634384155
        ],
        [
          0.057739388197660446,
          -0.4580007493495941,
          0.8870746493339539,
          0.5797596573829651
        ],
        [
          0.0,
          -0.0,
          -0.0,
          1.0
        ]
      ]
    },
    {
      "index": 3,
      "file_path": "lset004/data/00_image.png",
      "light_index": 4,
      "camera_index": 0,
      "transform_matrix": [
        [
          0.9990758299827576,
          0.018248898908495903,
          -0.03891687095165253,
          0.030625877901911736
        ],
        [
          -0.040819499641656876,
          0.6864507794380188,
          -0.7260296940803528,
          -0.723338782787323
        ],
        [
          0.0134652741253376,
          0.7269472479820251,
          0.6865612864494324,
          0.6447518467903137
        ],
        [
          0.0,
          -0.0,
          -0.0,
          1.0
        ]
      ],
      "transform_matrix_light": [
        [
          0.4091719090938568,
          0.8887807726860046,
          0.20651178061962128,
          0.14017581939697266
        ],
        [
          -0.8816621899604797,
          0.32680121064186096,
          0.3404008150100708,
          0.13833384215831757
        ],
        [
          0.2350534051656723,
          -0.3213560879230499,
          0.9173222780227661,
          0.5986757874488831
        ],
        [
          0.0,
          -0.0,
          -0.0,
          1.0
        ]
      ]
    },
    {
      "index": 4,
      "file_path": "lset005/data/00_image.png",
      "light_index": 5,
      "camera_index": 0,
      "transform_matrix": [
        [
          0.9990758299827576,
          0.018248898908495903,
          -0.03891687095165253,
          0.030625877901911736
        ],
        [
          -0.040819499641656876,
          0.6864507794380188,
          -0.7260296940803528,
          -0.723338782787323
        ],
        [
          0.0134652741253376,
          0.7269472479820251,
          0.6865612864494324,
          0.6447518467903137
        ],
        [
          0.0,
          -0.0,
          -0.0,
          1.0
        ]
      ],
      "transform_matrix_light": [
        [
          -0.45873865485191345,
          0.8651522397994995,
          0.2026585191488266,
          0.1348322331905365
        ],
        [
          -0.8566740155220032,
          -0.49117469787597656,
          0.15766116976737976,
          0.030933471396565437
        ],
        [
          0.23594164848327637,
          -0.10128701478242874,
          0.9664742350578308,
          0.6272621154785156
        ],
        [
          0.0,
          -0.0,
          -0.0,
          1.0
        ]
      ]
    },
    {
      "index": 5,
      "file_path": "lset006/data/00_image.png",
      "light_index": 6,
      "camera_index": 0,
      "transform_matrix": [
        [
          0.9990758299827576,
          0.018248898908495903,
          -0.03891687095165253,
          0.030625877901911736
        ],
        [
          -0.040819499641656876,
          0.6864507794380188,
          -0.7260296940803528,
          -0.723338782787323
        ],
        [
          0.0134652741253376,
          0.7269472479820251,
          0.6865612864494324,
          0.6447518467903137
        ],
        [
          0.0,
          -0.0,
          -0.0,
          1.0
        ]
      ],
      "transform_matrix_light": [
        [
          -0.9807961583137512,
          0.1878771036863327,
          0.05235530063509941,
          0.04458946734666824
        ],
        [
          -0.18547798693180084,
          -0.9815009832382202,
          0.047473158687353134,
          -0.03204178065061569
        ],
        [
          0.06030590087175369,
          0.036850735545158386,
          0.9974994659423828,
          0.6442378163337708
        ],
        [
          0.0,
          -0.0,
          -0.0,
          1.0
        ]
      ]
    },
    {
      "index": 6,
      "file_path": "lset007/data/00_image.png",
      "light_index": 7,
      "camera_index": 0,
      "transform_matrix": [
        [
          0.9990758299827576,
          0.018248898908495903,
          -0.03891687095165253,
          0.030625877901911736
        ],
        [
          -0.040819499641656876,
          0.6864507794380188,
          -0.7260296940803528,
          -0.723338782787323
        ],
        [
          0.0134652741253376,
          0.7269472479820251,
          0.6865612864494324,
          0.6447518467903137
        ],
        [
          0.0,
          -0.0,
          -0.0,
          1.0
        ]
      ],
      "transform_matrix_light": [
        [
          -0.9135162830352783,
          -0.3749473989009857,
          -0.1578049510717392,
          -0.07901996374130249
        ],
        [
          0.39557743072509766,
          -0.9092471599578857,
          -0.12956875562667847,
          -0.13412503898143768
        ],
        [
          -0.09490224719047546,
          -0.18078725039958954,
          0.9789328575134277,
          0.6315348148345947
        ],
        [
          0.0,
          -0.0,
          -0.0,
          1.0
        ]
      ]
    },
    {
      "index": 7,
      "file_path": "lset008/data/00_image.png",
      "light_index": 8,
      "camera_index": 0,
      "transform_matrix": [
        [
          0.9990758299827576,
          0.018248898908495903,
          -0.03891687095165253,
          0.030625877901911736
        ],
        [
          -0.040819499641656876,
          0.6864507794380188,
          -0.7260296940803528,
          -0.723338782787323
        ],
        [
          0.0134652741253376,
          0.7269472479820251,
          0.6865612864494324,
          0.6447518467903137
        ],
        [
          0.0,
          -0.0,
          -0.0,
          1.0
        ]
      ],
      "transform_matrix_light": [
        [
          -0.6202738285064697,
          -0.7183523178100586,
          -0.3150084316730499,
          -0.17049123346805573
        ],
        [
          0.7595341205596924,
          -0.650347113609314,
          -0.01251011062413454,
          -0.06438229233026505
        ],
        [
          -0.19587816298007965,
          -0.24701935052871704,
          0.9490064382553101,
          0.6130954027175903
        ],
        [
          0.0,
          -0.0,
          -0.0,
          1.0
        ]
      ]
    },
    {
      "index": 8,
      "file_path": "lset009/data/00_image.png",
      "light_index": 9,
      "camera_index": 0,
      "transform_matrix": [
        [
          0.9990758299827576,
          0.018248898908495903,
          -0.03891687095165253,
          0.030625877901911736
        ],
        [
          -0.040819499641656876,
          0.6864507794380188,
          -0.7260296940803528,
          -0.723338782787323
        ],
        [
          0.0134652741253376,
          0.7269472479820251,
          0.6865612864494324,
          0.6447518467903137
        ],
        [
          0.0,
          -0.0,
          -0.0,
          1.0
        ]
      ],
      "transform_matrix_light": [
        [
          -0.18543410301208496,
          -0.8983685970306396,
          -0.3981809616088867,
          -0.21782468259334564
        ],
        [
          0.9499571323394775,
          -0.26754918694496155,
          0.1612415611743927,
          0.038401875644922256
        ],
        [
          -0.2513873279094696,
          -0.34835514426231384,
          0.903024435043335,
          0.585608184337616
        ],
        [
          0.0,
          -0.0,
          -0.0,
          1.0
        ]
      ]
    },
    {
      "index": 9,
      "file_path": "lset010/data/00_image.png",
      "light_index": 10,
      "camera_index": 0,
      "transform_matrix": [
        [
          0.9990758299827576,
          0.018248898908495903,
          -0.03891687095165253,
          0.030625877901911736
        ],
        [
          -0.040819499641656876,
          0.6864507794380188,
          -0.7260296940803528,
          -0.723338782787323
        ],
        [
          0.0134652741253376,
          0.7269472479820251,
          0.6865612864494324,
          0.6447518467903137
        ],
        [
          0.0,
          -0.0,
          -0.0,
          1.0
        ]
      ],
      "transform_matrix_light": [
        [
          0.2915179431438446,
          -0.8740331530570984,
          -0.3886944055557251,
          -0.2099434733390808
        ],
        [
          0.9236284494400024,
          0.15148286521434784,
          0.35208436846733093,
          0.15072055160999298
        ],
        [
          -0.24885287880897522,
          -0.4616481065750122,
          0.8514418601989746,
          0.5555574297904968
        ],
        [
          0.0,
          -0.0,
          -0.0,
          1.0
        ]
      ]
    },
    {
      "index": 10,
      "file_path": "lset011/data/00_image.png",
      "light_index": 11,
      "camera_index": 0,
      "transform_matrix": [
        [
          0.9990758299827576,
          0.018248898908495903,
          -0.03891687095165253,
          0.030625877901911736
        ],
        [
          -0.040819499641656876,
          0.6864507794380188,
          -0.7260296940803528,
          -0.723338782787323
        ],
        [
          0.0134652741253376,
          0.7269472479820251,
          0.6865612864494324,
          0.6447518467903137
        ],
        [
          0.0,
          -0.0,
          -0.0,
          1.0
        ]
      ],
      "transform_matrix_light": [
        [
          0.7020440697669983,
          -0.6510754227638245,
          -0.28850454092025757,
          -0.1489189863204956
        ],
        [
          0.6866288185119629,
          0.5114122629165649,
          0.516718864440918,
          0.24680522084236145
        ],
        [
          -0.18887822329998016,
          -0.560854971408844,
          0.8060811161994934,
          0.5297954082489014
        ],
        [
          0.0,
          -0.0,
          -0.0,
          1.0
        ]
      ]
    },
    {
      "index": 11,
      "file_path": "lset012/data/00_image.png",
      "light_index": 12,
      "camera_index": 0,
      "transform_matrix": [
        [
          0.9990758299827576,
          0.018248898908495903,
          -0.03891687095165253,
          0.030625877901911736
        ],
        [
          -0.040819499641656876,
          0.6864507794380188,
          -0.7260296940803528,
          -0.723338782787323
        ],
        [
          0.0134652741253376,
          0.7269472479820251,
          0.6865612864494324,
          0.6447518467903137
        ],
        [
          0.0,
          -0.0,
          -0.0,
          1.0
        ]
      ],
      "transform_matrix_light": [
        [
          0.9524296522140503,
          -0.27994412183761597,
          -0.12045355141162872,
          -0.04873976856470108
        ],
        [
          0.2926921546459198,
          0.7301251292228699,
          0.6174533367156982,
          0.3047933876514435
        ],
        [
          -0.08490626513957977,
          -0.623336672782898,
          0.7773302793502808,
          0.5142385959625244
        ],
        [
          0.0,
          -0.0,
          -0.0,
          1.0
        ]
      ]
    },
    {
      "index": 12,
      "file_path": "lset013/data/00_image.png",
      "light_index": 13,
      "camera_index": 0,
      "transform_matrix": [
        [
          0.9990758299827576,
          0.018248898908495903,
          -0.03891687095165253,
          0.030625877901911736
        ],
        [
          -0.040819499641656876,
          0.6864507794380188,
          -0.7260296940803528,
          -0.723338782787323
        ],
        [
          0.0134652741253376,
          0.7269472479820251,
          0.6865612864494324,
          0.6447518467903137
        ],
        [
          0.0,
          -0.0,
          -0.0,
          1.0
        ]
      ],
      "transform_matrix_light": [
        [
          0.9849083423614502,
          0.15485547482967377,
          0.07730020582675934,
          0.06757903099060059
        ],
        [
          -0.1685882806777954,
          0.7573128938674927,
          0.630916178226471,
          0.31115293502807617
        ],
        [
          0.03916038200259209,
          -0.6344265341758728,
          0.7719905972480774,
          0.5123372673988342
        ],
        [
          0.0,
          -0.0,
          -0.0,
          1.0
        ]
      ]
    },
    {
      "index": 13,
      "file_path": "lset014/data/00_image.png",
      "light_index": 14,
      "camera_index": 0,
      "transform_matrix": [
        [
          0.9990758299827576,
          0.018248898908495903,
          -0.03891687095165253,
          0.030625877901911736
        ],
        [
          -0.040819499641656876,
          0.6864507794380188,
          -0.7260296940803528,
          -0.723338782787323
        ],
        [
          0.0134652741253376,
          0.7269472479820251,
          0.6865612864494324,
          0.6447518467903137
        ],
        [
          0.0,
          -0.0,
          -0.0,
          1.0
        ]
      ],
      "transform_matrix_light": [
        [
          0.7914207577705383,
          0.5535345673561096,
          0.2593311667442322,
          0.1734914928674698
        ],
        [
          -0.5913798809051514,
          0.585997998714447,
          0.5539640784263611,
          0.26444974541664124
        ],
        [
          0.15467071533203125,
          -0.5917819142341614,
          0.791120171546936,
          0.5247468948364258
        ],
        [
          0.0,
          -0.0,
          -0.0,
          1.0
        ]
      ]
    },
    {
      "index": 14,
      "file_path": "lset015/data/00_image.png",
      "light_index": 15,
      "camera_index": 0,
      "transform_matrix": [
        [
          0.9990758299827576,
          0.018248898908495903,
          -0.03891687095165253,
          0.030625877901911736
        ],
        [
          -0.040819499641656876,
          0.6864507794380188,
          -0.7260296940803528,
          -0.723338782787323
        ],
        [
          0.0134652741253376,
          0.7269472479820251,
          0.6865612864494324,
          0.6447518467903137
        ],
        [
          0.0,
          -0.0,
          -0.0,
          1.0
        ]
      ],
      "transform_matrix_light": [
        [
          0.41607972979545593,
          0.8243969082832336,
          0.3837283253669739,
          0.24465873837471008
        ],
        [
          -0.8783758282661438,
          0.25521448254585266,
          0.4041305482387543,
          0.17542271316051483
        ],
        [
          0.2352309376001358,
          -0.5052081942558289,
          0.830319881439209,
          0.5484748482704163
        ],
        [
          0.0,
          -0.0,
          -0.0,
          1.0
        ]
      ]
    },
    {
      "index": 15,
      "file_path": "lset016/data/00_image.png",
      "light_index": 16,
      "camera_index": 0,
      "transform_matrix": [
        [
          0.9990758299827576,
          0.018248898908495903,
          -0.03891687095165253,
          0.030625877901911736
        ],
        [
          -0.040819499641656876,
          0.6864507794380188,
          -0.7260296940803528,
          -0.723338782787323
        ],
        [
          0.0134652741253376,
          0.7269472479820251,
          0.6865612864494324,
          0.6447518467903137
        ],
        [
          0.0,
          -0.0,
          -0.0,
          1.0
        ]
      ],
      "transform_matrix_light": [
        [
          -0.05478116497397423,
          0.9050179123878479,
          0.42183130979537964,
          0.26499035954475403
        ],
        [
          -0.9634330868721008,
          -0.15888366103172302,
          0.21576058864593506,
          0.06466256827116013
        ],
        [
          0.26228928565979004,
          -0.39458662271499634,
          0.8806280493736267,
          0.5780986547470093
        ],
        [
          0.0,
          -0.0,
          -0.0,
          1.0
        ]
      ]
    },
    {
      "index": 16,
      "file_path": "lset017/data/00_image.png",
      "light_index": 17,
      "camera_index": 0,
      "transform_matrix": [
        [
          0.9990758299827576,
          0.018248898908495903,
          -0.03891687095165253,
          0.030625877901911736
        ],
        [
          -0.040819499641656876,
          0.6864507794380188,
          -0.7260296940803528,
          -0.723338782787323
        ],
        [
          0.0134652741253376,
          0.7269472479820251,
          0.6865612864494324,
          0.6447518467903137
        ],
        [
          0.0,
          -0.0,
          -0.0,
          1.0
        ]
      ],
      "transform_matrix_light": [
        [
          -0.5131330490112305,
          0.7768412232398987,
          0.3649824261665344,
          0.2297629565000534
        ],
        [
          -0.8269441723823547,
          -0.561360776424408,
          0.03220926597714424,
          -0.04261928051710129
        ],
        [
          0.2299083024263382,
          -0.2852924168109894,
          0.9304571151733398,
          0.6068030595779419
        ],
        [
          0.0,
          -0.0,
          -0.0,
          1.0
        ]
      ]
    },
    {
      "index": 17,
      "file_path": "lset018/data/00_image.png",
      "light_index": 18,
      "camera_index": 0,
      "transform_matrix": [
        [
          0.9990758299827576,
          0.018248898908495903,
          -0.03891687095165253,
          0.030625877901911736
        ],
        [
          -0.040819499641656876,
          0.6864507794380188,
          -0.7260296940803528,
          -0.723338782787323
        ],
        [
          0.0134652741253376,
          0.7269472479820251,
          0.6865612864494324,
          0.6447518467903137
        ],
        [
          0.0,
          -0.0,
          -0.0,
          1.0
        ]
      ],
      "transform_matrix_light": [
        [
          -0.8535581827163696,
          0.46938472986221313,
          0.22608938813209534,
          0.1469947099685669
        ],
        [
          -0.5003361701965332,
          -0.859499990940094,
          -0.10451541095972061,
          -0.12176407873630524
        ],
        [
          0.14526589214801788,
          -0.20233067870140076,
          0.9684833884239197,
          0.6280127167701721
        ],
        [
          0.0,
          -0.0,
          -0.0,
          1.0
        ]
      ]
    },
    {
      "index": 18,
      "file_path": "lset019/data/00_image.png",
      "light_index": 19,
      "camera_index": 0,
      "transform_matrix": [
        [
          0.9990758299827576,
          0.018248898908495903,
          -0.03891687095165253,
          0.030625877901911736
        ],
        [
          -0.040819499641656876,
          0.6864507794380188,
          -0.7260296940803528,
          -0.723338782787323
        ],
        [
          0.0134652741253376,
          0.7269472479820251,
          0.6865612864494324,
          0.6447518467903137
        ],
        [
          0.0,
          -0.0,
          -0.0,
          1.0
        ]
      ],
      "transform_matrix_light": [
        [
          -0.997866690158844,
          0.053567081689834595,
          0.0373174250125885,
          0.035549283027648926
        ],
        [
          -0.058957748115062714,
          -0.9849035739898682,
          -0.1627541035413742,
          -0.1548580378293991
        ],
        [
          0.028035806491971016,
          -0.16460704803466797,
          0.9859607219696045,
          0.6369308829307556
        ],
        [
          0.0,
          -0.0,
          -0.0,
          1.0
        ]
      ]
    },
    {
      "index": 19,
      "file_path": "lset020/data/00_image.png",
      "light_index": 20,
      "camera_index": 0,
      "transform_matrix": [
        [
          0.9990758299827576,
          0.018248898908495903,
          -0.03891687095165253,
          0.030625877901911736
        ],
        [
          -0.040819499641656876,
          0.6864507794380188,
          -0.7260296940803528,
          -0.723338782787323
        ],
        [
          0.0134652741253376,
          0.7269472479820251,
          0.6865612864494324,
          0.6447518467903137
        ],
        [
          0.0,
          -0.0,
          -0.0,
          1.0
        ]
      ],
      "transform_matrix_light": [
        [
          -0.9906163811683655,
          -0.11742589622735977,
          -0.06993111968040466,
          -0.026566805317997932
        ],
        [
          0.1347997933626175,
          -0.9238594770431519,
          -0.3582075536251068,
          -0.26864153146743774
        ],
        [
          -0.022543679922819138,
          -0.36427298188209534,
          0.9310193061828613,
          0.6036528944969177
        ],
        [
          0.0,
          -0.0,
          -0.0,
          1.0
        ]
      ]
    },
    {
      "index": 20,
      "file_path": "lset022/data/00_image.png",
      "light_index": 22,
      "camera_index": 0,
      "transform_matrix": [
        [
          0.9990758299827576,
          0.018248898908495903,
          -0.03891687095165253,
          0.030625877901911736
        ],
        [
          -0.040819499641656876,
          0.6864507794380188,
          -0.7260296940803528,
          -0.723338782787323
        ],
        [
          0.0134652741253376,
          0.7269472479820251,
          0.6865612864494324,
          0.6447518467903137
        ],
        [
          0.0,
          -0.0,
          -0.0,
          1.0
        ]
      ],
      "transform_matrix_light": [
        [
          -0.6989356279373169,
          -0.5832794904708862,
          -0.413852721452713,
          -0.22858573496341705
        ],
        [
          0.6933144927024841,
          -0.6946042776107788,
          -0.19193725287914276,
          -0.1698089987039566
        ],
        [
          -0.17551080882549286,
          -0.42108187079429626,
          0.8898797631263733,
          0.577430009841919
        ],
        [
          0.0,
          -0.0,
          -0.0,
          1.0
        ]
      ]
    },
    {
      "index": 21,
      "file_path": "lset023/data/00_image.png",
      "light_index": 23,
      "camera_index": 0,
      "transform_matrix": [
        [
          0.9990758299827576,
          0.018248898908495903,
          -0.03891687095165253,
          0.030625877901911736
        ],
        [
          -0.040819499641656876,
          0.6864507794380188,
          -0.7260296940803528,
          -0.723338782787323
        ],
        [
          0.0134652741253376,
          0.7269472479820251,
          0.6865612864494324,
          0.6447518467903137
        ],
        [
          0.0,
          -0.0,
          -0.0,
          1.0
        ]
      ],
      "transform_matrix_light": [
        [
          -0.4296127259731293,
          -0.733966588973999,
          -0.5260474681854248,
          -0.29355117678642273
        ],
        [
          0.874018132686615,
          -0.48441144824028015,
          -0.037919558584690094,
          -0.07869455963373184
        ],
        [
          -0.22699172794818878,
          -0.4760657548904419,
          0.8496094346046448,
          0.553266167640686
        ],
        [
          0.0,
          -0.0,
          -0.0,
          1.0
        ]
      ]
    },
    {
      "index": 22,
      "file_path": "lset024/data/00_image.png",
      "light_index": 24,
      "camera_index": 0,
      "transform_matrix": [
        [
          0.9990758299827576,
          0.018248898908495903,
          -0.03891687095165253,
          0.030625877901911736
        ],
        [
          -0.040819499641656876,
          0.6864507794380188,
          -0.7260296940803528,
          -0.723338782787323
        ],
        [
          0.0134652741253376,
          0.7269472479820251,
          0.6865612864494324,
          0.6447518467903137
        ],
        [
          0.0,
          -0.0,
          -0.0,
          1.0
        ]
      ],
      "transform_matrix_light": [
        [
          -0.11389216035604477,
          -0.806063175201416,
          -0.5807673335075378,
          -0.3243409991264343
        ],
        [
          0.960586667060852,
          -0.23855020105838776,
          0.14271335303783417,
          0.02787398360669613
        ],
        [
          -0.25357815623283386,
          -0.5416234135627747,
          0.8014625310897827,
          0.5247417092323303
        ],
        [
          0.0,
          -0.0,
          -0.0,
          1.0
        ]
      ]
    },
    {
      "index": 23,
      "file_path": "lset025/data/00_image.png",
      "light_index": 25,
      "camera_index": 0,
      "transform_matrix": [
        [
          0.9990758299827576,
          0.018248898908495903,
          -0.03891687095165253,
          0.030625877901911736
        ],
        [
          -0.040819499641656876,
          0.6864507794380188,
          -0.7260296940803528,
          -0.723338782787323
        ],
        [
          0.0134652741253376,
          0.7269472479820251,
          0.6865612864494324,
          0.6447518467903137
        ],
        [
          0.0,
          -0.0,
          -0.0,
          1.0
        ]
      ],
      "transform_matrix_light": [
        [
          0.2140801101922989,
          -0.7917965054512024,
          -0.572038471698761,
          -0.31742992997169495
        ],
        [
          0.9436168670654297,
          0.01625492051243782,
          0.33064034581184387,
          0.1382749378681183
        ],
        [
          -0.2525014281272888,
          -0.6105687022209167,
          0.7506323456764221,
          0.4952927231788635
        ],
        [
          0.0,
          -0.0,
          -0.0,
          1.0
        ]
      ]
    },
    {
      "index": 24,
      "file_path": "lset026/data/00_image.png",
      "light_index": 26,
      "camera_index": 0,
      "transform_matrix": [
        [
          0.9990758299827576,
          0.018248898908495903,
          -0.03891687095165253,
          0.030625877901911736
        ],
        [
          -0.040819499641656876,
          0.6864507794380188,
          -0.7260296940803528,
          -0.723338782787323
        ],
        [
          0.0134652741253376,
          0.7269472479820251,
          0.6865612864494324,
          0.6447518467903137
        ],
        [
          0.0,
          -0.0,
          -0.0,
          1.0
        ]
      ],
      "transform_matrix_light": [
        [
          0.5188227295875549,
          -0.6927273273468018,
          -0.5009509325027466,
          -0.2735665440559387
        ],
        [
          0.8251034021377563,
          0.25245195627212524,
          0.50544273853302,
          0.24064266681671143
        ],
        [
          -0.22366797924041748,
          -0.6755715012550354,
          0.7025495171546936,
          0.4679950773715973
        ],
        [
          0.0,
          -0.0,
          -0.0,
          1.0
        ]
      ]
    },
    {
      "index": 25,
      "file_path": "lset027/data/00_image.png",
      "light_index": 27,
      "camera_index": 0,
      "transform_matrix": [
        [
          0.9990758299827576,
          0.018248898908495903,
          -0.03891687095165253,
          0.030625877901911736
        ],
        [
          -0.040819499641656876,
          0.6864507794380188,
          -0.7260296940803528,
          -0.723338782787323
        ],
        [
          0.0134652741253376,
          0.7269472479820251,
          0.6865612864494324,
          0.6447518467903137
        ],
        [
          0.0,
          -0.0,
          -0.0,
          1.0
        ]
      ],
      "transform_matrix_light": [
        [
          0.7676282525062561,
          -0.5197315812110901,
          -0.37500128149986267,
          -0.19758912920951843
        ],
        [
          0.6179583072662354,
          0.44508951902389526,
          0.6480916738510132,
          0.3239564597606659
        ],
        [
          -0.1699245721101761,
          -0.7292286157608032,
          0.6628357768058777,
          0.4455036520957947
        ],
        [
          0.0,
          -0.0,
          -0.0,
          1.0
        ]
      ]
    },
    {
      "index": 26,
      "file_path": "lset028/data/00_image.png",
      "light_index": 28,
      "camera_index": 0,
      "transform_matrix": [
        [
          0.9990758299827576,
          0.018248898908495903,
          -0.03891687095165253,
          0.030625877901911736
        ],
        [
          -0.040819499641656876,
          0.6864507794380188,
          -0.7260296940803528,
          -0.723338782787323
        ],
        [
          0.0134652741253376,
          0.7269472479820251,
          0.6865612864494324,
          0.6447518467903137
        ],
        [
          0.0,
          -0.0,
          -0.0,
          1.0
        ]
      ],
      "transform_matrix_light": [
        [
          0.9339902400970459,
          -0.29093191027641296,
          -0.20741461217403412,
          -0.09798602014780045
        ],
        [
          0.34374740719795227,
          0.5733056664466858,
          0.7437461614608765,
          0.3793337941169739
        ],
        [
          -0.09746750444173813,
          -0.7659499049186707,
          0.6354690194129944,
          0.4306209683418274
        ],
        [
          0.0,
          -0.0,
          -0.0,
          1.0
        ]
      ]
    },
    {
      "index": 27,
      "file_path": "lset029/data/00_image.png",
      "light_index": 29,
      "camera_index": 0,
      "transform_matrix": [
        [
          0.9990758299827576,
          0.018248898908495903,
          -0.03891687095165253,
          0.030625877901911736
        ],
        [
          -0.040819499641656876,
          0.6864507794380188,
          -0.7260296940803528,
          -0.723338782787323
        ],
        [
          0.0134652741253376,
          0.7269472479820251,
          0.6865612864494324,
          0.6447518467903137
        ],
        [
          0.0,
          -0.0,
          -0.0,
          1.0
        ]
      ],
      "transform_matrix_light": [
        [
          0.9994006156921387,
          -0.030669357627630234,
          -0.016057267785072327,
          0.014359492808580399
        ],
        [
          0.03167376667261124,
          0.6228728890419006,
          0.7816815972328186,
          0.4004734456539154
        ],
        [
          -0.013972034677863121,
          -0.7817216515541077,
          0.6234709620475769,
          0.4248805344104767
        ],
        [
          0.0,
          -0.0,
          -0.0,
          1.0
        ]
      ]
    },
    {
      "index": 28,
      "file_path": "lset030/data/00_image.png",
      "light_index": 30,
      "camera_index": 0,
      "transform_matrix": [
        [
          0.9990758299827576,
          0.018248898908495903,
          -0.03891687095165253,
          0.030625877901911736
        ],
        [
          -0.040819499641656876,
          0.6864507794380188,
          -0.7260296940803528,
          -0.723338782787323
        ],
        [
          0.0134652741253376,
          0.7269472479820251,
          0.6865612864494324,
          0.6447518467903137
        ],
        [
          0.0,
          -0.0,
          -0.0,
          1.0
        ]
      ],
      "transform_matrix_light": [
        [
          0.9561966061592102,
          0.23260639607906342,
          0.17771409451961517,
          0.1275821030139923
        ],
        [
          -0.28381359577178955,
          0.5880250930786133,
          0.7574142813682556,
          0.3849096894264221
        ],
        [
          0.07167905569076538,
          -0.774674654006958,
          0.6282844543457031,
          0.4289511740207672
        ],
        [
          0.0,
          -0.0,
          -0.0,
          1.0
        ]
      ]
    },
    {
      "index": 29,
      "file_path": "lset031/data/00_image.png",
      "light_index": 31,
      "camera_index": 0,
      "transform_matrix": [
        [
          0.9990758299827576,
          0.018248898908495903,
          -0.03891687095165253,
          0.030625877901911736
        ],
        [
          -0.040819499641656876,
          0.6864507794380188,
          -0.7260296940803528,
          -0.723338782787323
        ],
        [
          0.0134652741253376,
          0.7269472479820251,
          0.6865612864494324,
          0.6447518467903137
        ],
        [
          0.0,
          -0.0,
          -0.0,
          1.0
        ]
      ],
      "transform_matrix_light": [
        [
          0.8092164993286133,
          0.4697348475456238,
          0.3528708517551422,
          0.22962599992752075
        ],
        [
          -0.5681392550468445,
          0.4727039933204651,
          0.6736235618591309,
          0.33452102541923523
        ],
        [
          0.14962099492549896,
          -0.7455871105194092,
          0.649394690990448,
          0.4423411786556244
        ],
        [
          0.0,
          -0.0,
          -0.0,
          1.0
        ]
      ]
    },
    {
      "index": 30,
      "file_path": "lset032/data/00_image.png",
      "light_index": 32,
      "camera_index": 0,
      "transform_matrix": [
        [
          0.9990758299827576,
          0.018248898908495903,
          -0.03891687095165253,
          0.030625877901911736
        ],
        [
          -0.040819499641656876,
          0.6864507794380188,
          -0.7260296940803528,
          -0.723338782787323
        ],
        [
          0.0134652741253376,
          0.7269472479820251,
          0.6865612864494324,
          0.6447518467903137
        ],
        [
          0.0,
          -0.0,
          -0.0,
          1.0
        ]
      ],
      "transform_matrix_light": [
        [
          0.5741928815841675,
          0.6552676558494568,
          0.4908429682254791,
          0.3090183436870575
        ],
        [
          -0.7909576296806335,
          0.28917577862739563,
          0.5392248034477234,
          0.25474220514297485
        ],
        [
          0.2113966941833496,
          -0.6978550553321838,
          0.6843316555023193,
          0.4634513854980469
        ],
        [
          0.0,
          -0.0,
          -0.0,
          1.0
        ]
      ]
    },
    {
      "index": 31,
      "file_path": "lset033/data/00_image.png",
      "light_index": 33,
      "camera_index": 0,
      "transform_matrix": [
        [
          0.9990758299827576,
          0.018248898908495903,
          -0.03891687095165253,
          0.030625877901911736
        ],
        [
          -0.040819499641656876,
          0.6864507794380188,
          -0.7260296940803528,
          -0.723338782787323
        ],
        [
          0.0134652741253376,
          0.7269472479820251,
          0.6865612864494324,
          0.6447518467903137
        ],
        [
          0.0,
          -0.0,
          -0.0,
          1.0
        ]
      ],
      "transform_matrix_light": [
        [
          0.27673760056495667,
          0.7691552042961121,
          0.57603520154953,
          0.357424259185791
        ],
        [
          -0.92762291431427,
          0.05733347311615944,
          0.36909162998199463,
          0.15441544353961945
        ],
        [
          0.25086265802383423,
          -0.6364849805831909,
          0.7293522953987122,
          0.49027302861213684
        ],
        [
          0.0,
          -0.0,
          -0.0,
          1.0
        ]
      ]
    },
    {
      "index": 32,
      "file_path": "lset035/data/00_image.png",
      "light_index": 35,
      "camera_index": 0,
      "transform_matrix": [
        [
          0.9990758299827576,
          0.018248898908495903,
          -0.03891687095165253,
          0.030625877901911736
        ],
        [
          -0.040819499641656876,
          0.6864507794380188,
          -0.7260296940803528,
          -0.723338782787323
        ],
        [
          0.0134652741253376,
          0.7269472479820251,
